0.00801743614002981
0.0218673320105888
0.0300763718978988
0.0300763718978988
0.0490696619949235
0.0388127572158764
0.0102217477009963
0.0282921815022997
0.0296808610369348
0.0374768132990828
0.0374768132990828
0.0374768132990828
0.0352004292050079
0.0296808610369348
0.0374768132990828
0.0259366948800751
0.029601758498132
0.0134649331958305
0.0149766619546584
0.0499397862482012
0.029601758498132
0.0374768132990828
0.029601758498132
0.0374768132990828
0.00952740704643286
0.0276857299665272
0.0296808610369348
0.0102217477009963
0.0352004292050079
0.0195382158557266
0.030884972149998
0.0225089388288151
0.0172618333625174
0.029601758498132
0.0275363150810155
0.0314211059678676
0.0509329566935576
0.0086291587383263
0.0360178178519893
0.0297951206390799
0.00510735796459824
0.00965045466993358
0.00965045466993358
0.0134825115563258
0.0222540544862645
0.0169542142991325
0.0247237971563366
0.030884972149998
0.0167872206866272
0.0177012893196983
0.0215157683779635
0.0338117496737087
0.0140889607700324
0.0142911103896708
0.0142911103896708
0.0142911103896708
0.0142911103896708
0.0273429547268952
0.00118125784522144
0.0314298961219458
0.0361320756460379
0.0135967699106831
0.0374768132990828
0.029601758498132
0.0084015205064052
0.0084015205064052
0.0355959400635903
0.0388127572158764
0.00770542217429212
0.0281779218954112
0.0350949597549708
0.0320715011667638
0.0295666014293126
0.0360178178519893
0.0320715011667638
0.0320715011667638
0.0352004292050079
0.0320715011667638
0.0352004292050079
0.0296808610369348
0.0320715011667638
0.0296808610369348
0.0296808610369348
0.0074285649300812
0.0273429547268952
0.0262443148261544
0.0309992281871746
0.0300763718978988
0.0161544042004381
0.0420383645280763
0.0420383645280763
0.0420383645280763
0.0309992281871746
0.0321066582344794
0.0169366357619564
0.0169366357619564
0.0309992281871746
0.0295666014293126
0.0295666014293126
0.00882427729994936
0.0102217477009963
0.0253126683640276
0.0330295163308632
0.0307355554724473
0.0420383645280763
0.00554154089563362
0.0180528534873857
0.0313244249044254
0.0119444153473688
0.0269562340190859
0.0520140180451423
0.0142911103896708
0.0344094074831141
0.0505726011369007
0.0297599635648
0.00952740704643286
0.0248732120533306
0.0248732120533306
0.0185714123252252
0.0218233865586578
0.027720887036245
0.0297423850267304
0.0346730801977095
0.0457561637635978
0.0420383645280763
0.0134825115563258
0.0296808610369348
0.0296808610369348
0.0102217477009963
0.0102217477009963
0.030146686041682
0.0212433054972716
0.0248732120533306
0.0248732120533306
0.0323879094926426
0.0248732120533306
0.0212433054972716
0.0248732120533306
0.0216651832758692
0.00621302945257996
0.0139571240550535
0.0139571240550535
0.0114785917610091
0.0139571240550535
0.0331701410594379
0.0331701410594379
0.0331701410594379
0.0314298961219458
0.0331701410594379
0.0331701410594379
0.00542816119892002
0.0331701410594379
0.0139571240550535
0.0195294257040881
0.00740219765740751
0.0195294257040881
0.00514866690439997
0.0248995789750801
0.0286964807457902
0.0286964807457902
0.014326267110506
0.0309992281871746
0.0276681514280555
0.0348488655711857
0.0212433054972716
0.0326779526989499
0.0286964807457902
0.0219903799905873
0.0219903799905873
0.0219903799905873
0.0320715011667638
0.0323879094926426
0.0326779526989499
0.0271144372998376
0.0248732120533306
0.0547562218056999
0.0509329566935576
0.0112149183305449
0.00913189636234598
0.00822398030607615
0.0212433054972716
0.0420383645280763
0.0225089388288151
0.0110215576221807
0.0260509544785426
0.0300763718978988
0.0295666014293126
0.0183692618187394
0.0209708426207905
0.0139571240550535
0.0102217477009963
0.0178770716675963
0.0264991991735047
0.01257723183346
0.0151436552116513
0.031104699416814
0.0212433054972716
0.0311574332542595
0.00456770612361522
0.0346730801977095
0.0212433054972716
0.0161544042004381
0.0334074486538651
0.0275363150810155
0.0180528534873857
0.0635629212789037
0.0102217477009963
0.0307355554724473
0.0226056181183548
0.0212433054972716
0.0389182284450686
0.00952740704643286
0.0520140180451423
0.0520140180451423
0.0169366357619564
0.042565713532313
0.030146686041682
0.0316847786898547
0.0316847786898547
0.0212433054972716
0.0189229777274296
0.0320715011667638
0.0345148787022235
0.0102217477009963
0.0350949597549708
0.0215245567602434
0.0215245567602434
0.00727387629260829
0.0286964807457902
0.029601758498132
0.0342775711077515
0.00914947490074198
0.0249698931158053
0.0249698931158053
0.0150645530381882
0.02036439287693
0.0184395759607171
0.0275978390680514
0.0178946500277036
0.0334689726562448
0.0334689726562448
0.0180528534873857
0.0309992281871746
0.0505726011369007
0.0109951903508
0.0171036293749582
0.0253126683640276
0.0233351158481205
0.0109951903508
0.0253126683640276
0.0102217477009963
0.0109951903508
0.00994049555316024
0.0109951903508
0.0253126683640276
0.0253126683640276
0.0251368847783586
0.0129903206974857
0.0248732120533306
0.0355959400635903
0.0253126683640276
0.00372834511571724
0.0112500748701892
0.0115664830247795
0.0335480733829362
0.0364660607499709
0.0215157683779635
0.0183692618187394
0.0143526343812998
0.0187823512124095
0.0373273966182447
0.0271671729100343
0.0236691027144308
0.0102217477009963
0.0300763718978988
0.0143526343812998
0.0267716620491646
0.0225089388288151
0.0110215576221807
0.0114346463087614
0.0102217477009963
0.0189229777274296
0.0225089388288151
0.0225089388288151
0.0290392559921102
0.0102217477009963
0.0259630635722482
0.0239942994260198
0.0161544042004381
0.0147481448854495
0.0046274722617673
0.0167872206866272
0.0320715011667638
0.0388127572158764
0.0350949597549708
0.025119308017273
0.0350949597549708
0.0350949597549708
0.0388127572158764
0.0350949597549708
0.0320715011667638
0.0350949597549708
0.0350949597549708
0.0350949597549708
0.0388127572158764
0.0388127572158764
0.0388127572158764
0.0388127572158764
0.0350949597549708
0.0350949597549708
0.0388127572158764
0.0350949597549708
0.0350949597549708
0.0320715011667638
0.0350949597549708
0.0350949597549708
0.0350949597549708
0.0350949597549708
0.0388127572158764
0.0350949597549708
0.0350949597549708
0.0388127572158764
0.0392610036955126
0.0350949597549708
0.0350949597549708
0.0350949597549708
0.0350949597549708
0.0350949597549708
0.0350949597549708
0.0350949597549708
0.0388127572158764
0.0388127572158764
0.0350949597549708
0.0350949597549708
0.0350949597549708
0.015372172458791
0.00952740704643286
0.021603659287114
0.00355959400635903
0.0102217477009963
0.0388127572158764
0.0350949597549708
0.0388127572158764
0.0350949597549708
0.0350949597549708
0.0388127572158764
0.0388127572158764
0.0350949597549708
0.0350949597549708
0.0350949597549708
0.0350949597549708
0.0320715011667638
0.0350949597549708
0.0350949597549708
0.0350949597549708
0.0388127572158764
0.0350949597549708
0.0239942994260198
0.0388127572158764
0.0340226867760268
0.0276857299665272
0.0102217477009963
0.0311574332542595
0.0311574332542595
0.0311574332542595
0.0460725720923124
0.0320715011667638
0.0392610036955126
0.0102217477009963
0.00952740704643286
0.0148975599607855
0.0299445337517443
0.0139747020579471
0.030884972149998
0.025119308017273
0.0145811516300999
0.0320715011667638
0.0147481448854495
0.0355959400635903
0.0387951786791538
0.0167081186905483
0.0100811217168271
0.0167081186905483
0.0167081186905483
0.0167081186905483
0.0167081186905483
0.0243282862973489
0.0274835812401282
0.0387951786791538
0.00761489439860722
0.00761489439860722
0.0292238261752597
0.0165499147034243
0.00438137665359092
0.0392610036955126
0.0392610036955126
0.0274835812401282
0.0102217477009963
0.0249698931158053
0.0306476645544836
0.0214366658505468
0.0208829517110999
0.0268156075008281
0.0315089986551519
0.0360178178519893
0.0285206971417918
0.0218145981742554
0.0273429547268952
0.0360178178519893
0.0285206971417918
0.0166465948790198
0.00971197866200547
0.0114785917610091
0.0145811516300999
0.0276681514280555
0.0315089986551519
0.0276681514280555
0.0169366357619564
0.0176309764173374
0.0315089986551519
0.0214366658505468
0.0233351158481205
0.0233351158481205
0.0233351158481205
0.0155127982658628
0.0326779526989499
0.00965045466993358
0.0124981296612518
0.0343830405627364
0.0274835812401282
0.0320715011667638
0.0364660607499709
0.0248732120533306
0.0300763718978988
0.00355959400635903
0.0342775711077515
0.0174288267974342
0.0233351158481205
0.0457561637635978
0.0200743514597835
0.0280988193603645
0.0267365049762808
0.0103096386079763
0.0239942994260198
0.0088858011117251
0.0262443148261544
0.0315089986551519
0.00893853601163147
0.049008137991145
0.049008137991145
0.0543695011015656
0.0543695011015656
0.049008137991145
0.0361320756460379
0.0113467550449408
0.0161544042004381
0.0355959400635903
0.031104699416814
0.0195382158557266
0.0110215576221807
0.0294523453965597
0.0145372059968195
0.0294523453965597
0.0388127572158764
0.0392610036955126
0.0392610036955126
0.0392610036955126
0.0392610036955126
0.0280988193603645
0.0392610036955126
0.0292238261752597
0.0285119069883837
0.0094219376017806
0.0205313863087183
0.0188087181306906
0.0249698931158053
0.0249698931158053
0.0094219376017806
0.0094219376017806
0.0094219376017806
0.0094219376017806
0.00914947490074198
0.0094219376017806
0.0094219376017806
0.0094219376017806
0.015477641725636
0.00965045466993358
0.0094219376017806
0.015477641725636
0.0181319560130974
0.0307355554724473
0.037678960252453
0.0094219376017806
0.0094219376017806
0.0509329566935576
0.0509329566935576
0.0509329566935576
0.0094219376017806
0.0094219376017806
0.0094219376017806
0.0094219376017806
0.0300763718978988
0.0300763718978988
0.0300763718978988
0.0509329566935576
0.0509329566935576
0.014827246879322
0.0355959400635903
0.0279933517093328
0.0307355554724473
0.0348312870337945
0.0348312870337945
0.0274484241711672
0.00914947490074198
0.031104699416814
0.0214366658505468
0.0214366658505468
0.0147305663478511
0.031104699416814
0.031104699416814
0.031104699416814
0.0214366658505468
0.031104699416814
0.0275978390680514
0.0147305663478511
0.01971399767301
0.0147305663478511
0.0118301568128841
0.00914947490074198
0.0118301568128841
0.00952740704643286
0.0118301568128841
0.00542112978385087
0.00727387629260829
0.017771602224337
0.0214366658505468
0.0214366658505468
0.0139571240550535
0.0509329566935576
0.0383205652850362
0.0355959400635903
0.0155391655372688
0.0360178178519893
0.0094219376017806
0.0185714123252252
0.00530511339479949
0.0147305663478511
0.0355959400635903
0.0185714123252252
0.0185714123252252
0.0320715011667638
0.0208741615616529
0.0094219376017806
0.0218673320105888
0.0301115289661346
0.0345060885538316
0.0345060885538316
0.0345060885538316
0.0345060885538316
0.0345060885538316
0.0345060885538316
0.0416780107408986
0.0416780107408986
0.00914947490074198
0.0416780107408986
0.0345060885538316
0.0129991097891531
0.0208917400949066
0.0345060885538316
0.0236691027144308
0.0320715011667638
0.0118301568128841
0.0301115289661346
0.0365187963584914
0.0342775711077515
0.0203995499473775
0.0203995499473775
0.0259454850337147
0.0118301568128841
0.0198809911090317
0.0143526343812998
0.0143526343812998
0.0101338562610595
0.0177803914927158
0.0238360961494166
0.0222101090318862
0.0222101090318862
0.0222101090318862
0.0118301568128841
0.0148448250598763
0.0149239272311265
0.0148448250598763
0.0149239272311265
0.031104699416814
0.0225089388288151
0.0166290167000101
0.0149239272311265
0.0194766918681512
0.0194766918681512
0.0194766918681512
0.0520140180451423
0.0389182284450686
0.0239942994260198
0.00633871394832494
0.0151084986720361
0.0175694526057019
0.0151084986720361
0.0147305663478511
0.0307355554724473
0.033231665055876
0.0194766918681512
0.0194766918681512
0.0194766918681512
0.0166290167000101
0.0147305663478511
0.00904400545487062
0.0148975599607855
0.0222101090318862
0.0327043196208831
0.0309992281871746
0.0194766918681512
0.0330295163308632
0.0276681514280555
0.0316847786898547
0.0311574332542595
0.0327043196208831
0.0145723623601694
0.0100811217168271
0.0148448250598763
0.0148448250598763
0.0148448250598763
0.0167872206866272
0.033425027191295
0.0147481448854495
0.0314298961219458
0.0342775711077515
0.0093428356077912
0.0166641732391342
0.0320715011667638
0.0350949597549708
0.0320715011667638
0.0320715011667638
0.0320715011667638
0.0352004292050079
0.0148448250598763
0.0148448250598763
0.0148448250598763
0.0148448250598763
0.0148448250598763
0.0148448250598763
0.0148448250598763
0.0148448250598763
0.0148448250598763
0.0148448250598763
0.0148448250598763
0.0149239272311265
0.0149239272311265
0.0149239272311265
0.0149239272311265
0.0148448250598763
0.0148448250598763
0.0149239272311265
0.0148448250598763
0.0148448250598763
0.00681420546289945
0.0148448250598763
0.0148448250598763
0.0149239272311265
0.00727387629260829
0.0149239272311265
0.000613041174933478
0.0470921094555078
0.0276681514280555
0.0276681514280555
0.0262970486651326
0.0276681514280555
0.0138868111507542
0.0290392559921102
0.0276681514280555
0.0276681514280555
0.0148448250598763
0.0300763718978988
0.0149239272311265
0.0149239272311265
0.0348488655711857
0.0348488655711857
0.0323527542238513
0.0348488655711857
0.0348488655711857
0.0348488655711857
0.0420383645280763
0.0311574332542595
0.0297599635648
0.00312189590189155
0.00312189590189155
0.0320802895496406
0.0140713824100285
0.0520140180451423
0.0520140180451423
0.0520140180451423
0.0520140180451423
0.0520140180451423
0.0148448250598763
0.0276857299665272
0.00727387629260829
0.00633959296345031
0.0295666014293126
0.0359299269288575
0.0359299269288575
0.0348488655711857
0.0348488655711857
0.0148448250598763
0.0275363150810155
0.0295666014293126
0.0094219376017806
0.00900005982412915
0.0296808610369348
0.0296808610369348
0.0275363150810155
0.0275363150810155
0.0309992281871746
0.0348488655711857
0.0348488655711857
0.042565713532313
0.00994928482071401
0.0295666014293126
0.0295666014293126
0.0348312870337945
0.0348312870337945
0.0316320466475217
0.0350949597549708
0.0316320466475217
0.0295666014293126
0.0316320466475217
0.0348312870337945
0.0348312870337945
0.0316320466475217
0.0348312870337945
0.0350949597549708
0.0348312870337945
0.0348312870337945
0.0348312870337945
0.0274835812401282
0.0295666014293126
0.0139571240550535
0.0295666014293126
0.00554154089563362
0.0119356260795293
0.0119356260795293
0.0295666014293126
0.0254005592727672
0.0254005592727672
0.0254005592727672
0.0169366357619564
0.0169366357619564
0.0169366357619564
0.0520140180451423
0.0520140180451423
0.0520140180451423
0.0169366357619564
0.0169366357619564
0.0169366357619564
0.0169366357619564
0.0276681514280555
0.0169366357619564
0.0297599635648
0.0276681514280555
0.0219903799905873
0.0635629212789037
0.0423635612423427
0.0296808610369348
0.00265958802339744
0.00321154466180065
0.00321154466180065
0.0355519946057728
0.0260509544785426
0.031104699416814
0.0309992281871746
0.0142207974859717
0.0248732120533306
0.0274835812401282
0.0212433054972716
0.0102305366129489
0.0169366357619564
0.031104699416814
0.0274835812401282
0.0350949597549708
0.0274835812401282
0.0274835812401282
0.0274835812401282
0.0274835812401282
0.0167872206866272
0.0348312870337945
0.0169366357619564
0.0169366357619564
0.0169366357619564
0.0169366357619564
0.0169366357619564
0.0248732120533306
0.0169366357619564
0.0243634433707225
0.0169366357619564
0.0355959400635903
0.0169366357619564
0.0169366357619564
0.0219903799905873
0.0169366357619564
0.0169366357619564
0.0251544633163565
0.0212433054972716
0.0219903799905873
0.0251456749314362
0.0392610036955126
0.0360178178519893
0.0509329566935576
0.0509329566935576
0.0285206971417918
0.0360178178519893
0.0352004292050079
0.0352004292050079
0.00798755316217441
0.00265958802339744
0.0230626529719687
0.00640814801393657
0.0360178178519893
0.0297423850267304
0.0320715011667638
0.0102305366129489
0.0360178178519893
0.0360178178519893
0.0360178178519893
0.0360178178519893
0.0360178178519893
0.0250489938690729
0.0374768132990828
0.0490696619949235
0.0254532931118011
0.0277384655747951
0.0277384655747951
0.0392610036955126
0.0260773213933627
0.0315089986551519
0.0320715011667638
0.0277384655747951
0.033425027191295
0.0254532931118011
0.033425027191295
0.0360178178519893
0.0247150087751846
0.0315089986551519
0.033425027191295
0.0315529441140343
0.0260773213933627
0.0374768132990828
0.0392610036955126
0.0285206971417918
0.033425027191295
0.029601758498132
0.0315529441140343
0.033425027191295
0.033425027191295
0.0228692926182245
0.0277384655747951
0.0230450744339713
0.0273429547268952
0.03710766935947
0.0285206971417918
0.0338117496737087
0.033425027191295
0.033425027191295
0.033425027191295
0.0352004292050079
0.033425027191295
0.033425027191295
0.033425027191295
0.0260773213933627
0.033425027191295
0.0315529441140343
0.0392610036955126
0.0260773213933627
0.0336974900656111
0.0277384655747951
0.0277384655747951
0.0260773213933627
0.0273429547268952
0.0273429547268952
0.0315089986551519
0.0339875297073735
0.0374768132990828
0.0273429547268952
0.0285997996750016
0.033425027191295
0.03710766935947
0.0315089986551519
0.0277384655747951
0.0360178178519893
0.0316935688427194
0.025119308017273
0.0315089986551519
0.0392610036955126
0.0277384655747951
0.0285997996750016
0.03710766935947
0.03710766935947
0.0285997996750016
0.0374768132990828
0.0348488655711857
0.0277384655747951
0.0277384655747951
0.0273429547268952
0.0315089986551519
0.0277384655747951
0.03710766935947
0.0271144372998376
0.0273429547268952
0.033425027191295
0.033425027191295
0.0374768132990828
0.0285206971417918
0.0285206971417918
0.033425027191295
0.03710766935947
0.0277384655747951
0.0277384655747951
0.0360178178519893
0.0260773213933627
0.033425027191295
0.0273429547268952
0.0277384655747951
0.03710766935947
0.0259366948800751
0.0273429547268952
0.033425027191295
0.0277384655747951
0.0378195885489688
0.033425027191295
0.0277384655747951
0.0260773213933627
0.0260773213933627
0.0360178178519893
0.0315529441140343
0.0315529441140343
0.0285997996750016
0.0315089986551519
0.0374768132990828
0.0285206971417918
0.033425027191295
0.0277384655747951
0.0285206971417918
0.0285206971417918
0.0277384655747951
0.0273429547268952
0.0260773213933627
0.0285997996750016
0.033425027191295
0.0315089986551519
0.0323527542238513
0.033425027191295
0.0232208580190832
0.0277384655747951
0.033425027191295
0.033425027191295
0.0271144372998376
0.0316935688427194
0.0273429547268952
0.0315529441140343
0.0232208580190832
0.0276681514280555
0.0242667623103019
0.0285206971417918
0.0360178178519893
0.0202677118129915
0.033425027191295
0.0232208580190832
0.0285206971417918
0.0273429547268952
0.0315089986551519
0.0260773213933627
0.033425027191295
0.0348488655711857
0.03710766935947
0.0360178178519893
0.0392610036955126
0.0315089986551519
0.0392610036955126
0.0285997996750016
0.0285997996750016
0.0315089986551519
0.0285206971417918
0.0260773213933627
0.033425027191295
0.0360178178519893
0.0360178178519893
0.0284591731501655
0.0228692926182245
0.0285206971417918
0.0374768132990828
0.0232208580190832
0.033425027191295
0.0277384655747951
0.0273429547268952
0.0277384655747951
0.0392610036955126
0.0276681514280555
0.0273429547268952
0.0273429547268952
0.0323527542238513
0.033425027191295
0.033425027191295
0.033425027191295
0.033425027191295
0.033425027191295
0.0273429547268952
0.0315089986551519
0.0315089986551519
0.0285206971417918
0.033425027191295
0.0277384655747951
0.0277384655747951
0.0255060287176569
0.0277384655747951
0.0232208580190832
0.0277384655747951
0.033425027191295
0.0273429547268952
0.0228692926182245
0.0392610036955126
0.0315089986551519
0.0273429547268952
0.033425027191295
0.0374768132990828
0.0277384655747951
0.0260773213933627
0.0285206971417918
0.0323527542238513
0.033425027191295
0.033425027191295
0.0277384655747951
0.0273429547268952
0.0285206971417918
0.033425027191295
0.0277384655747951
0.033425027191295
0.03710766935947
0.0285206971417918
0.0277384655747951
0.0232208580190832
0.0273429547268952
0.033425027191295
0.0277384655747951
0.0247150087751846
0.0226056181183548
0.033425027191295
0.0277384655747951
0.0222540544862645
0.0228692926182245
0.033425027191295
0.033425027191295
0.0273429547268952
0.0315089986551519
0.0285997996750016
0.0273429547268952
0.0273429547268952
0.0392610036955126
0.0271144372998376
0.0273429547268952
0.0273429547268952
0.0360178178519893
0.0273429547268952
0.0273429547268952
0.033425027191295
0.0315089986551519
0.0285206971417918
0.0277384655747951
0.0285206971417918
0.03710766935947
0.033425027191295
0.0360178178519893
0.033425027191295
0.0271144372998376
0.0277384655747951
0.0392610036955126
0.0277384655747951
0.0360178178519893
0.0277384655747951
0.033425027191295
0.0255060287176569
0.0285206971417918
0.03710766935947
0.033425027191295
0.0277384655747951
0.0277384655747951
0.0232208580190832
0.0339875297073735
0.0360178178519893
0.033425027191295
0.0315529441140343
0.0315089986551519
0.0259366948800751
0.033425027191295
0.0285206971417918
0.0320715011667638
0.0276681514280555
0.0285206971417918
0.0315089986551519
0.0315089986551519
0.0255060287176569
0.0285206971417918
0.033425027191295
0.0273429547268952
0.0374768132990828
0.0277384655747951
0.0277384655747951
0.0277384655747951
0.0360178178519893
0.033425027191295
0.0315089986551519
0.033425027191295
0.0273429547268952
0.0315089986551519
0.0339875297073735
0.0276681514280555
0.0392610036955126
0.033425027191295
0.0273429547268952
0.0273429547268952
0.029601758498132
0.033425027191295
0.033425027191295
0.0277384655747951
0.0273429547268952
0.0255060287176569
0.0323527542238513
0.0273429547268952
0.0273429547268952
0.0273429547268952
0.0323527542238513
0.033425027191295
0.03710766935947
0.0273429547268952
0.0315089986551519
0.0339875297073735
0.033425027191295
0.033425027191295
0.0392610036955126
0.0285206971417918
0.0255060287176569
0.033425027191295
0.0315089986551519
0.0374768132990828
0.0277384655747951
0.0285206971417918
0.0276681514280555
0.0285206971417918
0.033425027191295
0.0285206971417918
0.033425027191295
0.0276681514280555
0.0285206971417918
0.033425027191295
0.0277384655747951
0.033425027191295
0.0323527542238513
0.0271144372998376
0.0392610036955126
0.0360178178519893
0.0273429547268952
0.0315089986551519
0.0273429547268952
0.0232208580190832
0.0338117496737087
0.0277384655747951
0.0360178178519893
0.0277384655747951
0.0285997996750016
0.0418889514212366
0.0392610036955126
0.0273429547268952
0.033425027191295
0.0232208580190832
0.0271144372998376
0.0271144372998376
0.0276681514280555
0.033425027191295
0.0360178178519893
0.0232208580190832
0.0271144372998376
0.0276681514280555
0.033425027191295
0.0316935688427194
0.0255060287176569
0.0232208580190832
0.0255060287176569
0.0277384655747951
0.0285206971417918
0.0285206971417918
0.033425027191295
0.0360178178519893
0.0285206971417918
0.0284591731501655
0.0323527542238513
0.0284591731501655
0.0273429547268952
0.0323527542238513
0.0284591731501655
0.0315529441140343
0.0273429547268952
0.0285997996750016
0.0259366948800751
0.028784369861974
0.0323527542238513
0.033425027191295
0.0232208580190832
0.033425027191295
0.0285206971417918
0.0338117496737087
0.0323527542238513
0.0273429547268952
0.033425027191295
0.0276681514280555
0.033425027191295
0.033425027191295
0.0316935688427194
0.0284591731501655
0.0315089986551519
0.0315089986551519
0.0315089986551519
0.0277384655747951
0.0315089986551519
0.033425027191295
0.0273429547268952
0.0360178178519893
0.0273429547268952
0.0360178178519893
0.0285206971417918
0.0315089986551519
0.0277384655747951
0.0352004292050079
0.0285206971417918
0.0276681514280555
0.0374768132990828
0.0277384655747951
0.0273429547268952
0.033425027191295
0.0285206971417918
0.033425027191295
0.033425027191295
0.0255060287176569
0.03710766935947
0.0309992281871746
0.0285997996750016
0.0315089986551519
0.0232208580190832
0.0277384655747951
0.0285206971417918
0.0189229777274296
0.0277384655747951
0.0315089986551519
0.033425027191295
0.0273429547268952
0.0248732120533306
0.0189229777274296
0.0323527542238513
0.0285997996750016
0.0285997996750016
0.0374768132990828
0.0285997996750016
0.0374768132990828
0.0320715011667638
0.0285206971417918
0.033425027191295
0.0285206971417918
0.0232208580190832
0.0232208580190832
0.0273429547268952
0.0276681514280555
0.0277384655747951
0.0285997996750016
0.0232208580190832
0.0277384655747951
0.0360178178519893
0.0273429547268952
0.0273429547268952
0.0315529441140343
0.033425027191295
0.0277384655747951
0.033425027191295
0.0273429547268952
0.0239942994260198
0.0232208580190832
0.0374768132990828
0.0284591731501655
0.0239942994260198
0.0360178178519893
0.0277384655747951
0.033425027191295
0.0315089986551519
0.0239942994260198
0.0260773213933627
0.0273429547268952
0.0255060287176569
0.0276681514280555
0.0248732120533306
0.0276681514280555
0.0259366948800751
0.0336974900656111
0.0374768132990828
0.0336974900656111
0.0336974900656111
0.0339875297073735
0.0255060287176569
0.0392610036955126
0.0277384655747951
0.0277384655747951
0.0232208580190832
0.0277384655747951
0.0284591731501655
0.0212433054972716
0.0315089986551519
0.033425027191295
0.0285997996750016
0.0339875297073735
0.0360178178519893
0.033425027191295
0.0255060287176569
0.033425027191295
0.0277384655747951
0.0276681514280555
0.03710766935947
0.0273429547268952
0.0273429547268952
0.033425027191295
0.033425027191295
0.0374768132990828
0.0374768132990828
0.033425027191295
0.033425027191295
0.033425027191295
0.033425027191295
0.033425027191295
0.0323527542238513
0.0273429547268952
0.0315089986551519
0.0285206971417918
0.033425027191295
0.0273429547268952
0.033425027191295
0.0255060287176569
0.033425027191295
0.0277384655747951
0.0271144372998376
0.0255060287176569
0.0277384655747951
0.0315529441140343
0.0277384655747951
0.0316935688427194
0.0338117496737087
0.0315089986551519
0.0277384655747951
0.0255060287176569
0.0374768132990828
0.0374768132990828
0.0276681514280555
0.0374768132990828
0.0255060287176569
0.0315089986551519
0.0392610036955126
0.0338117496737087
0.0338117496737087
0.0255060287176569
0.033425027191295
0.0276681514280555
0.0285997996750016
0.0285997996750016
0.033425027191295
0.0392610036955126
0.0374768132990828
0.0360178178519893
0.0273429547268952
0.0285997996750016
0.03710766935947
0.0277384655747951
0.0273429547268952
0.0273429547268952
0.033425027191295
0.0374768132990828
0.0225089388288151
0.033425027191295
0.033425027191295
0.0273429547268952
0.0315089986551519
0.03710766935947
0.033425027191295
0.0255060287176569
0.033425027191295
0.0315089986551519
0.0338117496737087
0.0374768132990828
0.0273429547268952
0.0374768132990828
0.0271144372998376
0.033425027191295
0.0284591731501655
0.033425027191295
0.0360178178519893
0.0271144372998376
0.033425027191295
0.0392610036955126
0.0271144372998376
0.0392610036955126
0.0271144372998376
0.03710766935947
0.0285206971417918
0.0360178178519893
0.0255060287176569
0.0338117496737087
0.0277384655747951
0.0273429547268952
0.0315089986551519
0.0277384655747951
0.0338117496737087
0.0338117496737087
0.0276681514280555
0.0338117496737087
0.0374768132990828
0.0338117496737087
0.033425027191295
0.0273429547268952
0.0315089986551519
0.0316935688427194
0.033425027191295
0.033425027191295
0.0285206971417918
0.0273429547268952
0.0271144372998376
0.0315089986551519
0.0352004292050079
0.033425027191295
0.0315089986551519
0.033425027191295
0.0285206971417918
0.0285206971417918
0.0338117496737087
0.03710766935947
0.03710766935947
0.0315089986551519
0.0276681514280555
0.0315089986551519
0.0315529441140343
0.0315089986551519
0.033425027191295
0.0271144372998376
0.0273429547268952
0.0285206971417918
0.0315529441140343
0.0374768132990828
0.0316935688427194
0.0392610036955126
0.0315089986551519
0.0273429547268952
0.0338117496737087
0.0255060287176569
0.0392610036955126
0.0285206971417918
0.0360178178519893
0.033425027191295
0.03710766935947
0.03710766935947
0.0315089986551519
0.03710766935947
0.033425027191295
0.0315089986551519
0.0273429547268952
0.0273429547268952
0.0285206971417918
0.0273429547268952
0.0338117496737087
0.033425027191295
0.0315089986551519
0.0285206971417918
0.0315089986551519
0.0285206971417918
0.0277384655747951
0.033425027191295
0.0285206971417918
0.0285206971417918
0.0392610036955126
0.0315089986551519
0.0285206971417918
0.0315089986551519
0.0259366948800751
0.0392610036955126
0.0285206971417918
0.0285206971417918
0.0315529441140343
0.0157676827860634
0.0315089986551519
0.0315089986551519
0.0273429547268952
0.0285206971417918
0.0273429547268952
0.0392610036955126
0.0315089986551519
0.0273429547268952
0.0273429547268952
0.0239942994260198
0.0323527542238513
0.0273429547268952
0.0285206971417918
0.0273429547268952
0.0273429547268952
0.0315089986551519
0.0374768132990828
0.0374768132990828
0.0315089986551519
0.0277384655747951
0.0277384655747951
0.033425027191295
0.033425027191295
0.0285206971417918
0.0285206971417918
0.03710766935947
0.03710766935947
0.0315089986551519
0.0339875297073735
0.0323527542238513
0.0315089986551519
0.0360178178519893
0.0339875297073735
0.0285997996750016
0.0339875297073735
0.0315529441140343
0.0360178178519893
0.0271144372998376
0.0360178178519893
0.00443762726162786
0.0338117496737087
0.0345588241661083
0.0323527542238513
0.0323527542238513
0.0285206971417918
0.0239942994260198
0.0276681514280555
0.0338117496737087
0.0338117496737087
0.0094219376017806
0.0323527542238513
0.0323527542238513
0.0239942994260198
0.0392610036955126
0.0320715011667638
0.0392610036955126
0.0323527542238513
0.03710766935947
0.0420383645280763
0.0360178178519893
0.0323527542238513
0.0273429547268952
0.0273429547268952
0.022289209789022
0.0273429547268952
0.0323527542238513
0.0273429547268952
0.0315529441140343
0.0360178178519893
0.0315529441140343
0.0338117496737087
0.0360178178519893
0.0315089986551519
0.0271144372998376
0.0276681514280555
0.0127442252688213
0.0167872206866272
0.0315089986551519
0.0255060287176569
0.0277384655747951
0.0271144372998376
0.0271144372998376
0.0255060287176569
0.0323527542238513
0.0338117496737087
0.0336974900656111
0.0392610036955126
0.0315089986551519
0.0315089986551519
0.0315529441140343
0.0315089986551519
0.0323527542238513
0.0255060287176569
0.0094219376017806
0.033425027191295
0.0273429547268952
0.0124805516589063
0.0285206971417918
0.0285206971417918
0.0360178178519893
0.0360178178519893
0.03710766935947
0.033425027191295
0.0285206971417918
0.0239942994260198
0.0181759014653598
0.0315089986551519
0.0273429547268952
0.0247150087751846
0.0273429547268952
0.0285206971417918
0.0360178178519893
0.033425027191295
0.0273429547268952
0.0273429547268952
0.0273429547268952
0.0273429547268952
0.0273429547268952
0.0338117496737087
0.0360178178519893
0.0054914426871903
0.0273429547268952
0.0273429547268952
0.0284591731501655
0.033425027191295
0.033425027191295
0.033425027191295
0.033425027191295
0.033425027191295
0.033425027191295
0.0323527542238513
0.0255060287176569
0.0273429547268952
0.0276681514280555
0.0315089986551519
0.0271144372998376
0.00354904706153738
0.00406145279242689
0.0315529441140343
0.0285997996750016
0.0339875297073735
0.033425027191295
0.0360178178519893
0.0360178178519893
0.0360178178519893
0.0315089986551519
0.0285997996750016
0.0255060287176569
0.0232208580190832
0.0323527542238513
0.0316935688427194
0.0271144372998376
0.0232208580190832
0.0315089986551519
0.0255060287176569
0.0285206971417918
0.0373273966182447
0.0420383645280763
0.0284591731501655
0.0277384655747951
0.0285206971417918
0.0338117496737087
0.0374768132990828
0.0338117496737087
0.0173409353580557
0.0276857299665272
0.0276857299665272
0.0173409353580557
0.0339875297073735
0.0284591731501655
0.0315089986551519
0.0255060287176569
0.0315089986551519
0.0296808610369348
0.0296808610369348
0.0392610036955126
0.0296808610369348
0.0249698931158053
0.0358244557095996
0.0389182284450686
0.0239942994260198
0.0315529441140343
0.0276681514280555
0.0285206971417918
0.0232208580190832
0.033425027191295
0.0284591731501655
0.0284591731501655
0.0284591731501655
0.0284591731501655
0.0284591731501655
0.0239942994260198
0.0239942994260198
0.0284591731501655
0.0239942994260198
0.0239942994260198
0.0284591731501655
0.0284591731501655
0.0284591731501655
0.0239942994260198
0.0239942994260198
0.0284591731501655
0.0273429547268952
0.0239942994260198
0.0284591731501655
0.0284591731501655
0.0239942994260198
0.0239942994260198
0.0239942994260198
0.0284591731501655
0.0284591731501655
0.0239942994260198
0.0284591731501655
0.0239942994260198
0.0239942994260198
0.0273429547268952
0.0239942994260198
0.0239942994260198
0.0239942994260198
0.0239942994260198
0.0284591731501655
0.0284591731501655
0.0358244557095996
0.0284591731501655
0.0239942994260198
0.0284591731501655
0.0284591731501655
0.0239942994260198
0.0239942994260198
0.0239942994260198
0.0284591731501655
0.0284591731501655
0.0232208580190832
0.0239942994260198
0.0239942994260198
0.0232208580190832
0.0273429547268952
0.0239942994260198
0.02330874892838
0.0338117496737087
0.0259366948800751
0.0338117496737087
0.0284591731501655
0.0284591731501655
0.0260773213933627
0.0285206971417918
0.0284591731501655
0.0358244557095996
0.0315089986551519
0.0315089986551519
0.0315089986551519
0.0255060287176569
0.0284591731501655
0.0326779526989499
0.0284591731501655
0.0284591731501655
0.0339875297073735
0.0311574332542595
0.0284591731501655
0.0284591731501655
0.0285206971417918
0.0167872206866272
0.0167872206866272
0.0284591731501655
0.033425027191295
0.0239942994260198
0.02330874892838
0.0284591731501655
0.0315089986551519
0.0315529441140343
0.0239942994260198
0.0315529441140343
0.0167081186905483
0.0338117496737087
0.0222540544862645
0.0255060287176569
0.0255060287176569
0.0259366948800751
0.0255060287176569
0.0315089986551519
0.0387951786791538
0.0387951786791538
0.0135704026393653
0.0260773213933627
0.0238360961494166
0.0273429547268952
0.0387951786791538
0.0239942994260198
0.0392610036955126
0.0232208580190832
0.0285206971417918
0.0315089986551519
0.0285206971417918
0.0285206971417918
0.0277384655747951
0.0271144372998376
0.0260773213933627
0.0355959400635903
0.0259454850337147
0.0284591731501655
0.0315089986551519
0.0315089986551519
0.0285206971417918
0.0285206971417918
0.0505726011369007
0.0315089986551519
0.0285206971417918
0.0285206971417918
0.0271144372998376
0.0232208580190832
0.0315089986551519
0.0360178178519893
0.0255060287176569
0.0285206971417918
0.0233351158481205
0.0178770716675963
0.0277384655747951
0.0285206971417918
0.0374768132990828
0.0380656827286562
0.0284591731501655
0.0232208580190832
0.0342775711077515
0.0114785917610091
0.0315089986551519
0.0358244557095996
0.0338117496737087
0.0285206971417918
0.0285206971417918
0.00277824110343759
0.0285206971417918
0.0271144372998376
0.0258048585154579
0.0355959400635903
0.0275099481581579
0.0285206971417918
0.00839448944883068
0.0339875297073735
0.0135440351909775
0.0289513650819166
0.0284591731501655
0.0365187963584914
0.0365187963584914
0.0365187963584914
0.0285206971417918
0.0315089986551519
0.0276681514280555
0.0360178178519893
0.0355959400635903
0.0285206971417918
0.0276681514280555
0.0285206971417918
0.0285206971417918
0.033425027191295
0.0215157683779635
0.0115840612040465
0.0392610036955126
0.0273429547268952
0.0338117496737087
0.0211378360531573
0.0255060287176569
0.0276681514280555
0.0285206971417918
0.0392610036955126
0.0183692618187394
0.033425027191295
0.0315089986551519
0.0300763718978988
0.0255060287176569
0.0315089986551519
0.0285206971417918
0.0315089986551519
0.0273429547268952
0.0254532931118011
0.033425027191295
0.0277384655747951
0.0360178178519893
0.0285206971417918
0.0226056181183548
0.0134825115563258
0.0285206971417918
0.0285206971417918
0.0232208580190832
0.0277384655747951
0.0315089986551519
0.0320715011667638
0.0232208580190832
0.0315529441140343
0.0285206971417918
0.0340226867760268
0.033425027191295
0.0255060287176569
0.0338117496737087
0.0331701410594379
0.0184395759607171
0.0331701410594379
0.0226847206484179
0.0285206971417918
0.0315089986551519
0.0348488655711857
0.0383205652850362
0.0285206971417918
0.0285206971417918
0.0325812716335882
0.0226056181183548
0.0285206971417918
0.0358244557095996
0.0149678728638608
0.0255060287176569
0.033425027191295
0.0249698931158053
0.0139571240550535
0.0285206971417918
0.0300763718978988
0.0268156075008281
0.0134825115563258
0.0315089986551519
0.033425027191295
0.0239942994260198
0.033425027191295
0.033425027191295
0.0338117496737087
0.033425027191295
0.0254532931118011
0.0285206971417918
0.0360178178519893
0.0360178178519893
0.0285206971417918
0.0470921094555078
0.0470921094555078
0.0470921094555078
0.0470921094555078
0.0470921094555078
0.0470921094555078
0.0151436552116513
0.0277384655747951
0.021972801457103
0.0273429547268952
0.0273429547268952
0.0273429547268952
0.0360178178519893
0.021972801457103
