0.00523232055711829
0.0184696625131276
0.0184696625131276
0.0663813064810297
0.0728245460414974
0.0111872915647969
0.0761430688274903
0.0675535546295657
0.0675535546295657
0.0675535546295657
0.080048415814613
0.0761430688274903
0.0675535546295657
0.0595480162102666
0.0728245405257776
0.0105821052749258
0.0378775388820945
0.0585713946579151
0.0728245405257776
0.0675535546295657
0.0728245405257776
0.0675535546295657
0.00898110276812062
0.0261615724822269
0.0761430688274903
0.0111872915647969
0.080048415814613
0.022452543939055
0.027333193642346
0.0294807040602773
0.00556435178883398
0.0728245405257776
0.0710682750597301
0.0175716770873911
0.0478350806598198
0.00566192202349549
0.0724344908193433
0.0265519192598139
0.00404135654102107
0.00847346901737879
0.00847346901737879
0.0123196756020388
0.0151310645275271
0.00960577747326376
0.0544729767061578
0.027333193642346
0.0138229743281262
0.0110506642188411
0.0337761560489252
0.0587683674317059
0.0171616781272953
0.0160684198229694
0.0160684198229694
0.0160684198229694
0.0160684198229694
0.0285048926292716
0.000962529668831521
0.0238196260086516
0.0136472624737443
0.0675535546295657
0.0728245405257776
0.00472472907995617
0.00472472907995617
0.0728245460414974
0.0156191389578673
0.0245996216873778
0.0599393361373297
0.0708718579891937
0.0492002535126487
0.0724344908193433
0.0708718579891937
0.0708718579891937
0.080048415814613
0.0708718579891937
0.080048415814613
0.0761430688274903
0.0708718579891937
0.0761430688274903
0.0761430688274903
0.00456868425143652
0.0285048926292716
0.0184306137189872
0.004588186796328
0.004588186796328
0.111091637338245
0.0184696625131276
0.033971832247978
0.033971832247978
0.033971832247978
0.111091637338245
0.0230389580519331
0.0220615507522015
0.0220615507522015
0.111091637338245
0.0492002535126487
0.0492002535126487
0.0079851901843911
0.0111872915647969
0.0121439583974086
0.0247957417584659
0.02577229298539
0.033971832247978
0.00406100518960809
0.0164782693732471
0.0242101302159132
0.00521293422016944
0.0230378497287119
0.0618902295840073
0.0160684198229694
0.0249895326624277
0.0365102819752117
0.0271375079672866
0.00898110276812062
0.0212803859725376
0.0212803859725376
0.0380709002107667
0.0310431130680331
0.0480284636652709
0.0396339329416334
0.0224517596919507
0.0480287638969311
0.033971832247978
0.0123196756020388
0.0761430688274903
0.0761430688274903
0.0111872915647969
0.0111872915647969
0.0837569000555234
0.0144868264705427
0.0212803859725376
0.0212803859725376
0.0220615451813245
0.0212803859725376
0.0144868264705427
0.0212803859725376
0.0251851664400794
0.0047248447859683
0.0179620262367376
0.0179620262367376
0.0154435718525201
0.0179620262367376
0.0328000211485317
0.0328000211485317
0.0328000211485317
0.0328000211485317
0.0328000211485317
0.0045100578048481
0.0328000211485317
0.0179620262367376
0.0040805688541907
0.0040805688541907
0.042172078576203
0.00351441862707556
0.042172078576203
0.00435390893054797
0.0308486775529296
0.0298707462543011
0.0298707462543011
0.00499811185625829
0.111091637338245
0.0443204464624188
0.0370955840858834
0.0144868264705427
0.0298707462543011
0.0139401498225165
0.0139401498225165
0.0139401498225165
0.0708718579891937
0.0220615451813245
0.0646259249035647
0.0212803859725376
0.0368997077654848
0.0478350806598198
0.0138034722062904
0.00302622738206362
0.00958629391734083
0.0144868264705427
0.033971832247978
0.0294807040602773
0.00780961912041184
0.0603285619606972
0.0184696625131276
0.0492002535126487
0.00876618443344277
0.014740688125009
0.0179620262367376
0.0111872915647969
0.0554476340886251
0.0132568284429857
0.0141548057164883
0.0107772329301286
0.0144868264705427
0.0236247180169899
0.0224517596919507
0.0144868264705427
0.0095863740772967
0.0186845493558032
0.0710682750597301
0.0164782693732471
0.081023670665365
0.0111872915647969
0.02577229298539
0.0119096177285398
0.0144868264705427
0.0226469618424652
0.00898110276812062
0.0618902295840073
0.0618902295840073
0.0220615507522015
0.0390469076814855
0.0837569000555234
0.023429411564214
0.023429411564214
0.0144868264705427
0.00960577736294937
0.0708718579891937
0.0251849665448781
0.0111872915647969
0.0599393361373297
0.0232345149900923
0.0232345149900923
0.00404144232259857
0.0298707462543011
0.0728245405257776
0.00825869880570149
0.0228429042356713
0.01755218109352
0.0109920465405925
0.0218665930694201
0.14408800316349
0.024405521671447
0.024405521671447
0.0164782693732471
0.111091637338245
0.0365102819752117
0.00370953885977422
0.0523248093549667
0.0121439583974086
0.0161072963501489
0.00370953885977422
0.0121439583974086
0.0111872915647969
0.00370953885977422
0.00369003015547844
0.00370953885977422
0.0121439583974086
0.0121439583974086
0.030262898018099
0.0292855011375621
0.0212803859725376
0.0121439583974086
0.00162438191401202
0.00437338693158949
0.0080048415814613
0.0222578313803773
0.0226477516108049
0.0337761560489252
0.00876618443344277
0.00570102943374179
0.00892249294039596
0.020695280177365
0.0283096175057842
0.0133935919555162
0.0111872915647969
0.0184696625131276
0.00570102943374179
0.0474439468000485
0.00780962518770362
0.0294807040602773
0.00780961912041184
0.00439294397124104
0.0111872915647969
0.00960577736294937
0.0294807040602773
0.0294807040602773
0.00730201681147916
0.0201107828984637
0.00458821686858393
0.00458821686858393
0.0111872915647969
0.00962543703028984
0.0220622180164045
0.00732157984671814
0.00472486493048016
0.0138229743281262
0.0708718579891937
0.0728245460414974
0.0599393361373297
0.0300661218300776
0.0599393361373297
0.0599393361373297
0.0728245460414974
0.0599393361373297
0.0708718579891937
0.0599393361373297
0.0599393361373297
0.0599393361373297
0.0728245460414974
0.0728245460414974
0.0728245460414974
0.0728245460414974
0.0599393361373297
0.0599393361373297
0.0728245460414974
0.0599393361373297
0.0599393361373297
0.0708718579891937
0.0599393361373297
0.0599393361373297
0.0599393361373297
0.0599393361373297
0.0728245460414974
0.0599393361373297
0.0599393361373297
0.0728245460414974
0.0736046075117294
0.0599393361373297
0.0599393361373297
0.0599393361373297
0.0599393361373297
0.0599393361373297
0.0599393361373297
0.0599393361373297
0.0728245460414974
0.0728245460414974
0.0599393361373297
0.0599393361373297
0.0599393361373297
0.00728249638186623
0.00898110276812062
0.00884436930743784
0.00369003015547844
0.0111872915647969
0.0728245460414974
0.0599393361373297
0.0728245460414974
0.0599393361373297
0.0599393361373297
0.0728245460414974
0.0728245460414974
0.0599393361373297
0.0599393361373297
0.0599393361373297
0.0599393361373297
0.0708718579891937
0.0599393361373297
0.0599393361373297
0.0599393361373297
0.0728245460414974
0.0599393361373297
0.0220622180164045
0.0728245460414974
0.0206948529572877
0.0261615724822269
0.0111872915647969
0.0236247180169899
0.0236247180169899
0.0236247180169899
0.0739961063742585
0.0708718579891937
0.0736046075117294
0.0111872915647969
0.00898110276812062
0.0110505299551897
0.00780962518770362
0.0257726532832388
0.00644288810266299
0.027333193642346
0.0300661218300776
0.0290904826660327
0.0708718579891937
0.00732157984671814
0.0214770569592352
0.00667729371141049
0.00841487248419356
0.00667729371141049
0.00667729371141049
0.00667729371141049
0.00667729371141049
0.0157363477782366
0.0277239111424924
0.0214770569592352
0.0064820002448453
0.0064820002448453
0.077118708802346
0.00587682514912756
0.00439294397124104
0.0736046075117294
0.0736046075117294
0.0277239111424924
0.0111872915647969
0.131396083981266
0.004588186796328
0.004588186796328
0.004588186796328
0.0958628177172583
0.0269420782271418
0.0632576758676139
0.0724344908193433
0.0585718835878654
0.030848504789554
0.0285048926292716
0.0724344908193433
0.0585718835878654
0.0156776633377155
0.00439296235568671
0.0154435718525201
0.0290904826660327
0.0443204464624188
0.0632576758676139
0.0443204464624188
0.0220615507522015
0.00962528008048289
0.0632576758676139
0.0161072963501489
0.0161072963501489
0.0161072963501489
0.0257716724283023
0.0232345149900923
0.00847346901737879
0.0137840130574276
0.056815012413048
0.0277239111424924
0.0708718579891937
0.0226477516108049
0.0212803859725376
0.0184696625131276
0.00369003015547844
0.0263572658241368
0.0161072963501489
0.0480287638969311
0.0240140880433359
0.0192312008411156
0.021671091779358
0.00534963672332326
0.0220622180164045
0.00406100518960809
0.0184306137189872
0.0632576758676139
0.00534954598366524
0.0433427909166861
0.0433427909166861
0.0529096109030351
0.0529096109030351
0.0433427909166861
0.0238196260086516
0.024991678580795
0.022452543939055
0.00780961912041184
0.0210852396080132
0.0466633538019622
0.0210852396080132
0.0728245460414974
0.0736046075117294
0.0736046075117294
0.0736046075117294
0.0736046075117294
0.0192312008411156
0.0736046075117294
0.077118708802346
0.0203048245360162
0.0095666933674852
0.0117925697134656
0.0045491162051661
0.0095666933674852
0.0095666933674852
0.0095666933674852
0.0095666933674852
0.00825869880570149
0.0095666933674852
0.0095666933674852
0.0095666933674852
0.027137875441087
0.00847346901737879
0.0095666933674852
0.027137875441087
0.0104844502807497
0.02577229298539
0.0296763907888392
0.0095666933674852
0.0095666933674852
0.0478350806598198
0.0478350806598198
0.0478350806598198
0.0095666933674852
0.0095666933674852
0.0095666933674852
0.0095666933674852
0.0184696625131276
0.0184696625131276
0.0184696625131276
0.0478350806598198
0.00527139705561611
0.0478350806598198
0.00531056005825071
0.0271383650935966
0.02577229298539
0.0326042196433565
0.0326042196433565
0.0214763295295606
0.00825869880570149
0.0120267432008672
0.0218665930694201
0.0120267432008672
0.0159316134753589
0.0120267432008672
0.00933246377969745
0.00825869880570149
0.00933246377969745
0.00898110276812062
0.00933246377969745
0.00386588164416812
0.00404144232259857
0.00962528008048289
0.0179620262367376
0.0478350806598198
0.0503725471327788
0.0218669049337334
0.0724344908193433
0.0095666933674852
0.0380709002107667
0.0120267432008672
0.0380709002107667
0.0380709002107667
0.0708718579891937
0.00374856085689311
0.0095666933674852
0.0849294594616438
0.0167321530961084
0.0435375025763015
0.0435375025763015
0.0435375025763015
0.0435375025763015
0.0435375025763015
0.0435375025763015
0.047442549133198
0.047442549133198
0.00825869880570149
0.047442549133198
0.0435375025763015
0.00862964822703468
0.0556420471657805
0.0435375025763015
0.0133935919555162
0.0708718579891937
0.00933246377969745
0.0167321530961084
0.0480288196608583
0.0134521712278079
0.0134521712278079
0.0447101786068012
0.00933246377969745
0.0267475613551712
0.00962516921451488
0.00962516921451488
0.00624770571442103
0.0216710360154308
0.0341671494398602
0.00898102371075713
0.0157752978354768
0.0157752978354768
0.00493947506824681
0.0157752978354768
0.00492008325915234
0.00933246377969745
0.00855139760124699
0.00917627326943483
0.00855139760124699
0.00917627326943483
0.00425622329103262
0.0294807040602773
0.0137449125589298
0.00917627326943483
0.0186648635108566
0.0186648635108566
0.0186648635108566
0.0618902295840073
0.0226469618424652
0.0220622180164045
0.00386572987031263
0.0138229743281262
0.0147406201161839
0.0138229743281262
0.0120267432008672
0.02577229298539
0.0201101635548343
0.0186648635108566
0.0186648635108566
0.0186648635108566
0.0137449125589298
0.0120267432008672
0.00335823551559949
0.0110505299551897
0.0157752978354768
0.0257720406246619
0.111091637338245
0.0186648635108566
0.0247957417584659
0.0443204464624188
0.023429411564214
0.0236247180169899
0.0257720406246619
0.0437338063705005
0.00841487248419356
0.00855139760124699
0.00855139760124699
0.00855139760124699
0.0138229743281262
0.0343624807905953
0.00732157984671814
0.00425622329103262
0.00230387559945696
0.00944966478429182
0.0708718579891937
0.0599393361373297
0.0708718579891937
0.0708718579891937
0.0708718579891937
0.080048415814613
0.00855139760124699
0.00855139760124699
0.00855139760124699
0.00855139760124699
0.00855139760124699
0.00855139760124699
0.00855139760124699
0.00855139760124699
0.00855139760124699
0.00855139760124699
0.00855139760124699
0.00917627326943483
0.00917627326943483
0.00917627326943483
0.00917627326943483
0.00855139760124699
0.00855139760124699
0.00917627326943483
0.00855139760124699
0.00855139760124699
0.00492003326246178
0.00855139760124699
0.00855139760124699
0.00917627326943483
0.00404144232259857
0.00917627326943483
0.00064820002448453
0.0714578172041125
0.0443204464624188
0.0443204464624188
0.0234286094903034
0.0443204464624188
0.0114216445999095
0.0201107828984637
0.0443204464624188
0.0443204464624188
0.00855139760124699
0.0184696625131276
0.00917627326943483
0.00917627326943483
0.0370955840858834
0.0370955840858834
0.0335800894803192
0.0370955840858834
0.0370955840858834
0.0370955840858834
0.033971832247978
0.0236247180169899
0.0271375079672866
0.00384630632376643
0.00384630632376643
0.0218669049888906
0.008473335800611
0.0618902295840073
0.0618902295840073
0.0618902295840073
0.0618902295840073
0.0618902295840073
0.00855139760124699
0.0261615724822269
0.00404144232259857
0.0038657860440578
0.0492002535126487
0.0616961400148498
0.0616961400148498
0.0370955840858834
0.0370955840858834
0.00855139760124699
0.0710682750597301
0.0492002535126487
0.0095666933674852
0.00335812587246656
0.0761430688274903
0.0761430688274903
0.0710682750597301
0.0710682750597301
0.111091637338245
0.0370955840858834
0.0370955840858834
0.0390469076814855
0.0118315236372254
0.0492002535126487
0.0492002535126487
0.0326042196433565
0.0326042196433565
0.0114606523736418
0.0599393361373297
0.0114606523736418
0.0492002535126487
0.0114606523736418
0.0326042196433565
0.0326042196433565
0.0114606523736418
0.0326042196433565
0.0599393361373297
0.0326042196433565
0.0326042196433565
0.0326042196433565
0.0277239111424924
0.0492002535126487
0.0179620262367376
0.0492002535126487
0.00406100518960809
0.0110505299551897
0.0110505299551897
0.0492002535126487
0.0199145996613525
0.0199145996613525
0.0199145996613525
0.0220615507522015
0.0220615507522015
0.0220615507522015
0.0618902295840073
0.0618902295840073
0.0618902295840073
0.0220615507522015
0.0220615507522015
0.0220615507522015
0.0220615507522015
0.0443204464624188
0.0220615507522015
0.0271375079672866
0.0443204464624188
0.0139401498225165
0.081023670665365
0.072630128397326
0.0761430688274903
0.00542764905898408
0.00525206648204288
0.00525206648204288
0.0437338693158949
0.0603285619606972
0.111091637338245
0.011187309496402
0.0212803859725376
0.0277239111424924
0.0144868264705427
0.00388536577207119
0.0220615507522015
0.0277239111424924
0.0599393361373297
0.0277239111424924
0.0277239111424924
0.0277239111424924
0.0277239111424924
0.0138229743281262
0.0326042196433565
0.0220615507522015
0.0220615507522015
0.0220615507522015
0.0220615507522015
0.0220615507522015
0.0212803859725376
0.0220615507522015
0.0212802700265917
0.0220615507522015
0.0220615507522015
0.0220615507522015
0.0139401498225165
0.0220615507522015
0.0220615507522015
0.00577914628677713
0.0170640898898759
0.0062867911428692
0.0144868264705427
0.0139401498225165
0.0116168495303468
0.0736046075117294
0.0724344908193433
0.0478350806598198
0.0478350806598198
0.0585718835878654
0.0724344908193433
0.080048415814613
0.080048415814613
0.00329949801992116
0.00542764905898408
0.0820004049590293
0.00614995219018423
0.0724344908193433
0.0396339329416334
0.0708718579891937
0.00388536577207119
0.0724344908193433
0.0724344908193433
0.0724344908193433
0.0724344908193433
0.0724344908193433
0.0174546173072865
0.0675535546295657
0.0663813064810297
0.0149162210384091
0.0283099956249237
0.0283099956249237
0.0736046075117294
0.0369008082398367
0.0632576758676139
0.0708718579891937
0.0283099956249237
0.0343624807905953
0.0149162210384091
0.0343624807905953
0.0724344908193433
0.0154241188261063
0.0632576758676139
0.0343624807905953
0.0548628220000162
0.0369008082398367
0.0675535546295657
0.0736046075117294
0.0585718835878654
0.0343624807905953
0.0728245405257776
0.0548628220000162
0.0343624807905953
0.0343624807905953
0.0240140880433359
0.0283099956249237
0.0220624692133157
0.0285048926292716
0.0341662380995403
0.0585718835878654
0.0587683674317059
0.0343624807905953
0.0343624807905953
0.0343624807905953
0.080048415814613
0.0343624807905953
0.0343624807905953
0.0343624807905953
0.0369008082398367
0.0343624807905953
0.0548628220000162
0.0736046075117294
0.0369008082398367
0.0659917723344409
0.0283099956249237
0.0283099956249237
0.0511524370806722
0.0369008082398367
0.0285048926292716
0.0285048926292716
0.0632576758676139
0.062672352184962
0.0675535546295657
0.0285048926292716
0.0490053611194425
0.0343624807905953
0.0341662380995403
0.0632576758676139
0.0283099956249237
0.0724344908193433
0.04509917417093
0.0300661218300776
0.0632576758676139
0.0736046075117294
0.0283099956249237
0.0490053611194425
0.0341662380995403
0.0341662380995403
0.0490053611194425
0.0675535546295657
0.0370955840858834
0.0283099956249237
0.0283099956249237
0.0285048926292716
0.0632576758676139
0.0283099956249237
0.0341662380995403
0.0646259249035647
0.0285048926292716
0.0343624807905953
0.0343624807905953
0.0675535546295657
0.0585718835878654
0.0585718835878654
0.0343624807905953
0.0341662380995403
0.0283099956249237
0.0283099956249237
0.0724344908193433
0.0369008082398367
0.0343624807905953
0.0285048926292716
0.0283099956249237
0.0341662380995403
0.0595480162102666
0.0285048926292716
0.0343624807905953
0.0283099956249237
0.0862965490657136
0.0343624807905953
0.0283099956249237
0.0369008082398367
0.0369008082398367
0.0724344908193433
0.0548628220000162
0.0548628220000162
0.0490053611194425
0.0632576758676139
0.0675535546295657
0.0585718835878654
0.0343624807905953
0.0283099956249237
0.0585718835878654
0.0585718835878654
0.0511524370806722
0.0283099956249237
0.0285048926292716
0.0369008082398367
0.0490053611194425
0.0343624807905953
0.0632576758676139
0.0335800894803192
0.0343624807905953
0.0445139336653326
0.0283099956249237
0.0343624807905953
0.0343624807905953
0.0646259249035647
0.04509917417093
0.0285048926292716
0.0548628220000162
0.0445139336653326
0.0443204464624188
0.0648200145885523
0.0585718835878654
0.0724344908193433
0.0180403269083058
0.0343624807905953
0.0445139336653326
0.0585718835878654
0.0285048926292716
0.0632576758676139
0.0369008082398367
0.0343624807905953
0.0370955840858834
0.0341662380995403
0.0724344908193433
0.0736046075117294
0.0632576758676139
0.0736046075117294
0.0490053611194425
0.0490053611194425
0.0632576758676139
0.0585718835878654
0.0369008082398367
0.0343624807905953
0.0724344908193433
0.0724344908193433
0.0273329061519985
0.0240140880433359
0.0585718835878654
0.0675535546295657
0.0445139336653326
0.0343624807905953
0.0283099956249237
0.0285048926292716
0.0283099956249237
0.0736046075117294
0.0443204464624188
0.0285048926292716
0.0285048926292716
0.0335800894803192
0.0343624807905953
0.0343624807905953
0.0343624807905953
0.0343624807905953
0.0343624807905953
0.0285048926292716
0.0632576758676139
0.0632576758676139
0.0585718835878654
0.0343624807905953
0.0283099956249237
0.0283099956249237
0.0544719455313095
0.0283099956249237
0.0445139336653326
0.0283099956249237
0.0343624807905953
0.0285048926292716
0.0240140880433359
0.0736046075117294
0.0632576758676139
0.0285048926292716
0.0343624807905953
0.0675535546295657
0.0283099956249237
0.0369008082398367
0.0585718835878654
0.0335800894803192
0.0343624807905953
0.0343624807905953
0.0283099956249237
0.0285048926292716
0.0585718835878654
0.0343624807905953
0.0283099956249237
0.0343624807905953
0.0511524370806722
0.0341662380995403
0.0585718835878654
0.0283099956249237
0.0445139336653326
0.0285048926292716
0.0400246553948961
0.0343624807905953
0.0283099956249237
0.0154241188261063
0.0119096177285398
0.0343624807905953
0.0283099956249237
0.0151310645275271
0.0240140880433359
0.0343624807905953
0.0343624807905953
0.0285048926292716
0.0632576758676139
0.0490053611194425
0.0285048926292716
0.0285048926292716
0.0736046075117294
0.0646259249035647
0.0285048926292716
0.0285048926292716
0.0724344908193433
0.0285048926292716
0.0285048926292716
0.0343624807905953
0.0632576758676139
0.0585718835878654
0.0283099956249237
0.0585718835878654
0.0341662380995403
0.0343624807905953
0.0724344908193433
0.0343624807905953
0.0646259249035647
0.0283099956249237
0.0736046075117294
0.0283099956249237
0.0724344908193433
0.0283099956249237
0.0343624807905953
0.0544719455313095
0.0585718835878654
0.0341662380995403
0.0343624807905953
0.0427562734502504
0.0283099956249237
0.0283099956249237
0.0445139336653326
0.062672352184962
0.0724344908193433
0.0343624807905953
0.0548628220000162
0.0470528842750815
0.0632576758676139
0.0595480162102666
0.0343624807905953
0.0585718835878654
0.0708718579891937
0.0443204464624188
0.0585718835878654
0.0632576758676139
0.0632576758676139
0.0544719455313095
0.0585718835878654
0.0343624807905953
0.0470528842750815
0.0285048926292716
0.0675535546295657
0.0283099956249237
0.0283099956249237
0.0283099956249237
0.0724344908193433
0.0343624807905953
0.0632576758676139
0.0343624807905953
0.0285048926292716
0.0632576758676139
0.062672352184962
0.0443204464624188
0.0736046075117294
0.0343624807905953
0.0285048926292716
0.0285048926292716
0.0728245405257776
0.0343624807905953
0.0511524370806722
0.0343624807905953
0.0283099956249237
0.0285048926292716
0.0544719455313095
0.0335800894803192
0.0285048926292716
0.0285048926292716
0.0285048926292716
0.0335800894803192
0.0343624807905953
0.0341662380995403
0.0285048926292716
0.0632576758676139
0.062672352184962
0.0343624807905953
0.0343624807905953
0.0736046075117294
0.0585718835878654
0.0544719455313095
0.0343624807905953
0.0632576758676139
0.0675535546295657
0.0283099956249237
0.0585718835878654
0.0443204464624188
0.0585718835878654
0.0343624807905953
0.0585718835878654
0.0343624807905953
0.0443204464624188
0.0585718835878654
0.0343624807905953
0.0378766765489451
0.0283099956249237
0.0343624807905953
0.0335800894803192
0.0646259249035647
0.0736046075117294
0.0724344908193433
0.0285048926292716
0.0632576758676139
0.0285048926292716
0.0445139336653326
0.0587683674317059
0.0283099956249237
0.0724344908193433
0.0283099956249237
0.0490053611194425
0.0400245212470748
0.0736046075117294
0.0285048926292716
0.0343624807905953
0.0445139336653326
0.0646259249035647
0.0378766765489451
0.0646259249035647
0.0443204464624188
0.0343624807905953
0.0724344908193433
0.0445139336653326
0.0646259249035647
0.0443204464624188
0.0343624807905953
0.04509917417093
0.0544719455313095
0.0445139336653326
0.0544719455313095
0.0283099956249237
0.0585718835878654
0.0585718835878654
0.0343624807905953
0.0724344908193433
0.0411946775919706
0.0585718835878654
0.0273329061519985
0.0335800894803192
0.0273329061519985
0.0285048926292716
0.0335800894803192
0.0273329061519985
0.0548628220000162
0.0285048926292716
0.0490053611194425
0.0595480162102666
0.0581815448411664
0.0335800894803192
0.0343624807905953
0.0445139336653326
0.0343624807905953
0.0585718835878654
0.0587683674317059
0.0335800894803192
0.0285048926292716
0.0343624807905953
0.0443204464624188
0.0343624807905953
0.0343624807905953
0.04509917417093
0.0273329061519985
0.0632576758676139
0.0632576758676139
0.0632576758676139
0.0283099956249237
0.0632576758676139
0.0343624807905953
0.0285048926292716
0.0724344908193433
0.0285048926292716
0.0724344908193433
0.0585718835878654
0.0632576758676139
0.0283099956249237
0.080048415814613
0.0585718835878654
0.0443204464624188
0.0675535546295657
0.0283099956249237
0.0285048926292716
0.0343624807905953
0.0585718835878654
0.0343624807905953
0.0343624807905953
0.0544719455313095
0.0341662380995403
0.111091637338245
0.0490053611194425
0.0632576758676139
0.0445139336653326
0.0283099956249237
0.0585718835878654
0.00960577736294937
0.0283099956249237
0.0632576758676139
0.0343624807905953
0.0285048926292716
0.0212803859725376
0.00960577736294937
0.0335800894803192
0.0490053611194425
0.0490053611194425
0.0675535546295657
0.0490053611194425
0.0675535546295657
0.0708718579891937
0.0585718835878654
0.0343624807905953
0.0585718835878654
0.0445139336653326
0.0445139336653326
0.0285048926292716
0.0443204464624188
0.0283099956249237
0.0490053611194425
0.0445139336653326
0.0283099956249237
0.0724344908193433
0.0285048926292716
0.0285048926292716
0.0548628220000162
0.0343624807905953
0.0283099956249237
0.0343624807905953
0.0285048926292716
0.0220622180164045
0.0445139336653326
0.0675535546295657
0.0273329061519985
0.0220622180164045
0.0724344908193433
0.0283099956249237
0.0343624807905953
0.0632576758676139
0.0220622180164045
0.0369008082398367
0.0285048926292716
0.0544719455313095
0.0443204464624188
0.0212803859725376
0.0443204464624188
0.0595480162102666
0.0659917723344409
0.0675535546295657
0.0659917723344409
0.0659917723344409
0.062672352184962
0.0544719455313095
0.0736046075117294
0.0283099956249237
0.0283099956249237
0.0445139336653326
0.0283099956249237
0.0273329061519985
0.0144868264705427
0.0632576758676139
0.0343624807905953
0.0490053611194425
0.062672352184962
0.0724344908193433
0.0343624807905953
0.0544719455313095
0.0343624807905953
0.0283099956249237
0.0443204464624188
0.0341662380995403
0.0285048926292716
0.0285048926292716
0.0343624807905953
0.0343624807905953
0.0470528842750815
0.0675535546295657
0.0675535546295657
0.0343624807905953
0.0343624807905953
0.0343624807905953
0.0343624807905953
0.0343624807905953
0.0470528842750815
0.0335800894803192
0.0285048926292716
0.0632576758676139
0.0585718835878654
0.0343624807905953
0.0285048926292716
0.0343624807905953
0.0544719455313095
0.0343624807905953
0.0283099956249237
0.0646259249035647
0.0544719455313095
0.0283099956249237
0.0548628220000162
0.0283099956249237
0.04509917417093
0.0587683674317059
0.0632576758676139
0.0283099956249237
0.0544719455313095
0.0675535546295657
0.0675535546295657
0.0443204464624188
0.0675535546295657
0.0544719455313095
0.0632576758676139
0.0736046075117294
0.0587683674317059
0.0587683674317059
0.0544719455313095
0.0343624807905953
0.0443204464624188
0.0490053611194425
0.0490053611194425
0.0343624807905953
0.0736046075117294
0.0675535546295657
0.0724344908193433
0.0285048926292716
0.0490053611194425
0.0341662380995403
0.0283099956249237
0.0285048926292716
0.0285048926292716
0.0343624807905953
0.0675535546295657
0.0294807040602773
0.0343624807905953
0.0343624807905953
0.0285048926292716
0.0632576758676139
0.0341662380995403
0.0343624807905953
0.0544719455313095
0.0343624807905953
0.0310424220200464
0.0632576758676139
0.0587683674317059
0.0675535546295657
0.0285048926292716
0.0675535546295657
0.0646259249035647
0.0343624807905953
0.0273329061519985
0.0343624807905953
0.0724344908193433
0.00374851815363883
0.0646259249035647
0.0343624807905953
0.0736046075117294
0.0646259249035647
0.0736046075117294
0.0646259249035647
0.0341662380995403
0.0378766765489451
0.0585718835878654
0.0724344908193433
0.0544719455313095
0.0587683674317059
0.0283099956249237
0.0285048926292716
0.0632576758676139
0.0283099956249237
0.0411946775919706
0.0587683674317059
0.0587683674317059
0.0443204464624188
0.0587683674317059
0.0675535546295657
0.0587683674317059
0.0343624807905953
0.0285048926292716
0.0632576758676139
0.04509917417093
0.0343624807905953
0.0343624807905953
0.0585718835878654
0.0285048926292716
0.0646259249035647
0.0632576758676139
0.080048415814613
0.0343624807905953
0.0632576758676139
0.0343624807905953
0.0585718835878654
0.0585718835878654
0.0587683674317059
0.0341662380995403
0.0341662380995403
0.0632576758676139
0.0443204464624188
0.0632576758676139
0.0548628220000162
0.0632576758676139
0.0343624807905953
0.0646259249035647
0.0285048926292716
0.0585718835878654
0.0548628220000162
0.0675535546295657
0.04509917417093
0.0736046075117294
0.0632576758676139
0.0285048926292716
0.0513475130535804
0.0587683674317059
0.0544719455313095
0.0736046075117294
0.0585718835878654
0.0724344908193433
0.0343624807905953
0.0341662380995403
0.0341662380995403
0.0632576758676139
0.0341662380995403
0.0343624807905953
0.0632576758676139
0.0285048926292716
0.0285048926292716
0.0585718835878654
0.0285048926292716
0.0587683674317059
0.0343624807905953
0.0632576758676139
0.0585718835878654
0.0632576758676139
0.0585718835878654
0.0283099956249237
0.0343624807905953
0.0585718835878654
0.0585718835878654
0.0736046075117294
0.0632576758676139
0.0400246553948961
0.0585718835878654
0.0632576758676139
0.0595480162102666
0.0736046075117294
0.0411946775919706
0.0585718835878654
0.0470528842750815
0.0585718835878654
0.0548628220000162
0.0186453847922199
0.0632576758676139
0.0632576758676139
0.0273340072496268
0.0285048926292716
0.0585718835878654
0.0285048926292716
0.0736046075117294
0.0632576758676139
0.0285048926292716
0.0285048926292716
0.0220622180164045
0.0335800894803192
0.0285048926292716
0.0585718835878654
0.0285048926292716
0.0285048926292716
0.0273340072496268
0.0632576758676139
0.0675535546295657
0.0675535546295657
0.0632576758676139
0.0283099956249237
0.0283099956249237
0.0343624807905953
0.0343624807905953
0.0585718835878654
0.0585718835878654
0.0341662380995403
0.0341662380995403
0.0632576758676139
0.062672352184962
0.0335800894803192
0.0632576758676139
0.0724344908193433
0.062672352184962
0.0411946775919706
0.0490053611194425
0.0378766765489451
0.062672352184962
0.0548628220000162
0.0724344908193433
0.0646259249035647
0.0724344908193433
0.00581818457898702
0.0587683674317059
0.0353385498167472
0.0335800894803192
0.0335800894803192
0.0585718835878654
0.0220622180164045
0.0443204464624188
0.0587683674317059
0.0587683674317059
0.0095666933674852
0.0335800894803192
0.0335800894803192
0.0220622180164045
0.0736046075117294
0.0708718579891937
0.0736046075117294
0.0335800894803192
0.0341662380995403
0.033971832247978
0.0724344908193433
0.0335800894803192
0.0285048926292716
0.0285048926292716
0.0253812097158007
0.0285048926292716
0.0335800894803192
0.0285048926292716
0.0548628220000162
0.0724344908193433
0.0548628220000162
0.0587683674317059
0.0724344908193433
0.0632576758676139
0.0646259249035647
0.0427562734502504
0.0443204464624188
0.00505659759848929
0.0138229743281262
0.0632576758676139
0.0544719455313095
0.0283099956249237
0.0646259249035647
0.0646259249035647
0.0544719455313095
0.0335800894803192
0.0587683674317059
0.0659917723344409
0.0736046075117294
0.0632576758676139
0.0632576758676139
0.0548628220000162
0.0632576758676139
0.0335800894803192
0.0544719455313095
0.0095666933674852
0.0343624807905953
0.0285048926292716
0.00995717707281633
0.0585718835878654
0.0585718835878654
0.0724344908193433
0.0724344908193433
0.0341662380995403
0.0343624807905953
0.0585718835878654
0.0220622180164045
0.0066382126514124
0.0632576758676139
0.0285048926292716
0.0154241188261063
0.0285048926292716
0.0585718835878654
0.0724344908193433
0.0343624807905953
0.0285048926292716
0.0285048926292716
0.0285048926292716
0.0285048926292716
0.0285048926292716
0.0587683674317059
0.0724344908193433
0.00597441752499151
0.0285048926292716
0.0285048926292716
0.0273329061519985
0.0343624807905953
0.0343624807905953
0.0343624807905953
0.0343624807905953
0.0343624807905953
0.0343624807905953
0.0335800894803192
0.0544719455313095
0.0285048926292716
0.0443204464624188
0.0632576758676139
0.0646259249035647
0.00439299287030337
0.00439299287030337
0.0548628220000162
0.0490053611194425
0.062672352184962
0.0343624807905953
0.0724344908193433
0.0724344908193433
0.0724344908193433
0.0632576758676139
0.0490053611194425
0.0544719455313095
0.0445139336653326
0.0335800894803192
0.0411946775919706
0.04509917417093
0.0646259249035647
0.0411946775919706
0.0445139336653326
0.0632576758676139
0.0544719455313095
0.0585718835878654
0.020695280177365
0.033971832247978
0.0273329061519985
0.0283099956249237
0.0585718835878654
0.0587683674317059
0.0675535546295657
0.0587683674317059
0.0151310528838426
0.0261615724822269
0.0261615724822269
0.0151310528838426
0.062672352184962
0.0273329061519985
0.0632576758676139
0.0544719455313095
0.0632576758676139
0.0761430688274903
0.0761430688274903
0.0736046075117294
0.0761430688274903
0.019524357754146
0.0226469618424652
0.0220622180164045
0.0548628220000162
0.0443204464624188
0.0585718835878654
0.0445139336653326
0.0343624807905953
0.0273329061519985
0.0273329061519985
0.0273329061519985
0.0273329061519985
0.0273329061519985
0.0220622180164045
0.0220622180164045
0.0273329061519985
0.0220622180164045
0.0220622180164045
0.0273329061519985
0.0273329061519985
0.0273329061519985
0.0220622180164045
0.0220622180164045
0.0273329061519985
0.0285048926292716
0.0220622180164045
0.0273329061519985
0.0273329061519985
0.0220622180164045
0.0220622180164045
0.0220622180164045
0.0273329061519985
0.0273329061519985
0.0220622180164045
0.0273329061519985
0.0220622180164045
0.0220622180164045
0.0285048926292716
0.0220622180164045
0.0220622180164045
0.0220622180164045
0.0220622180164045
0.0273329061519985
0.0273329061519985
0.019524357754146
0.0273329061519985
0.0220622180164045
0.0273329061519985
0.0273329061519985
0.0220622180164045
0.0511524370806722
0.0220622180164045
0.0220622180164045
0.0273329061519985
0.0273329061519985
0.0445139336653326
0.0220622180164045
0.0220622180164045
0.0445139336653326
0.0285048926292716
0.0220622180164045
0.0137254222517658
0.0587683674317059
0.0595480162102666
0.0587683674317059
0.0273329061519985
0.0273329061519985
0.0369008082398367
0.0585718835878654
0.0273329061519985
0.019524357754146
0.0632576758676139
0.0632576758676139
0.0632576758676139
0.0544719455313095
0.0273329061519985
0.0273329061519985
0.0273329061519985
0.062672352184962
0.0236247180169899
0.0273329061519985
0.00423683211459122
0.0273329061519985
0.0585718835878654
0.0138229743281262
0.0138229743281262
0.0273329061519985
0.0343624807905953
0.0220622180164045
0.0137254222517658
0.0273329061519985
0.0632576758676139
0.0548628220000162
0.0220622180164045
0.0548628220000162
0.00667729371141049
0.0587683674317059
0.0151310645275271
0.0544719455313095
0.0544719455313095
0.0595480162102666
0.0544719455313095
0.0632576758676139
0.0214770569592352
0.0214770569592352
0.0132568290497149
0.0369008082398367
0.00898102371075713
0.0285048926292716
0.0214770569592352
0.0220622180164045
0.0736046075117294
0.0445139336653326
0.0585718835878654
0.0632576758676139
0.0585718835878654
0.0585718835878654
0.0283099956249237
0.0646259249035647
0.0369008082398367
0.0447101786068012
0.0273329061519985
0.0632576758676139
0.0632576758676139
0.0585718835878654
0.0585718835878654
0.0365102819752117
0.0632576758676139
0.0585718835878654
0.0585718835878654
0.0646259249035647
0.0445139336653326
0.0632576758676139
0.0724344908193433
0.0544719455313095
0.0585718835878654
0.0161072963501489
0.0554476340886251
0.0283099956249237
0.0585718835878654
0.0675535546295657
0.0240151780433359
0.0273329061519985
0.0445139336653326
0.000985966891813274
0.0632576758676139
0.019524357754146
0.0587683674317059
0.0585718835878654
0.0585718835878654
0.00384630632376643
0.0585718835878654
0.0646259249035647
0.0197187106547983
0.0199148497606354
0.0585718835878654
0.00466631472823814
0.062672352184962
0.013627753727529
0.0275291481756514
0.0273329061519985
0.0480288196608583
0.0480288196608583
0.0480288196608583
0.0585718835878654
0.0632576758676139
0.0443204464624188
0.0724344908193433
0.0585718835878654
0.0443204464624188
0.0585718835878654
0.0585718835878654
0.0343624807905953
0.0337761560489252
0.00665771929779313
0.0736046075117294
0.0285048926292716
0.0587683674317059
0.0249910468267961
0.0544719455313095
0.0443204464624188
0.0585718835878654
0.0736046075117294
0.00876618443344277
0.0343624807905953
0.0632576758676139
0.0184696625131276
0.0544719455313095
0.0632576758676139
0.0585718835878654
0.0632576758676139
0.0285048926292716
0.0149162210384091
0.0343624807905953
0.0283099956249237
0.0724344908193433
0.0585718835878654
0.0119096177285398
0.0123196756020388
0.0585718835878654
0.0585718835878654
0.0445139336653326
0.0283099956249237
0.0632576758676139
0.0708718579891937
0.0445139336653326
0.0548628220000162
0.0585718835878654
0.0206948529572877
0.0343624807905953
0.0544719455313095
0.0587683674317059
0.0328000211485317
0.0109920465405925
0.0328000211485317
0.0134716242542217
0.0585718835878654
0.0632576758676139
0.0370955840858834
0.0503725471327788
0.0585718835878654
0.0585718835878654
0.0263575843845339
0.0119096177285398
0.0585718835878654
0.019524357754146
0.0146233833421466
0.0544719455313095
0.0343624807905953
0.0179620262367376
0.0585718835878654
0.0184696625131276
0.0269420782271418
0.0123196756020388
0.0632576758676139
0.0343624807905953
0.0220622180164045
0.0343624807905953
0.0343624807905953
0.0587683674317059
0.0343624807905953
0.0149162210384091
0.0585718835878654
0.0724344908193433
0.0724344908193433
0.0585718835878654
0.0714578172041125
0.0714578172041125
0.0714578172041125
0.0714578172041125
0.0714578172041125
0.0714578172041125
0.0107772329301286
0.0283099956249237
0.0718478526248325
0.0285048926292716
0.0285048926292716
0.0285048926292716
0.0724344908193433
0.0718478526248325
