0.0292211218762804
0.0063002410511591
0.0083403181496666
1.04231669292456
0.444617032257091
0.444617032257091
0.0852032501704358
0.0666025477960478
0.123604714977132
0.115204394438816
0.0726027766602067
0.00301211562152849
0.00577822113443837
0.00228608720983322
0.083403181496666
0.100803845338492
0.100803845338492
0.100803845338492
0.0738028152664618
0.083403181496666
0.100803845338492
0.588022503001736
1.04231669292456
0.0768029297066659
0.0386414812097288
0.0407415613297949
0.00404415498672772
0.00852032501704358
0.0457217512960874
0.0386414812097288
0.0280810783781426
0.100803845338492
0.0386414812097288
0.100803845338492
0.0786029983855902
0.0984037538421098
0.083403181496666
0.0120004577705986
0.0120004577705986
0.0154205882129214
0.123604714977132
0.0738028152664618
1.04231669292456
0.0118804531963987
0.0135605172748256
0.0642024562544508
0.0503419275417117
0.477018268521839
0.0231008811985411
0.00390614972285192
0.0386414812097288
0.0396015178432401
0.0762029068547078
0.0166206340328248
1.26129086926804
0.00467417902318827
0.0744028382088776
0.0564621610067487
0.0448817192397837
0.0624023875923523
0.0159606088183392
0.0127204852414052
0.010740409698318
0.010740409698318
0.0463817765197861
0.0108004119895976
0.00492018840629065
0.0154205882129214
1.26129086926804
0.0180006866512168
1.26129086926804
0.0577822113443837
0.0642024562544508
0.0354013576240731
0.188407187107985
0.0357013690482816
0.108004119895976
1.26129086926804
0.0375014377038717
0.00876033417647216
1.19121923683628
0.00381614628956069
0.02898111272766
0.02898111272766
1.26129086926804
0.0381614628956069
0.02898111272766
0.02898111272766
0.0157205996643796
0.0056822174736355
0.0330612683231495
0.0852032501704358
0.0063002410511591
0.0550821083546951
0.00780029755314287
0.00329412637633444
0.0798030441496527
0.0318612225755986
0.0240609178144876
0.100803845338492
0.0386414812097288
0.0240609178144876
0.0114004348700182
0.0114004348700182
1.19121923683628
0.479418359564304
1.19121923683628
1.19121923683628
0.0666025477960478
0.0013080498961683
0.0375014377038717
0.100203822414967
0.30481169914582
0.039001494894495
0.0744028382088776
0.30481169914582
0.0154205882129214
0.0103203936856909
0.30481169914582
0.0738028152664618
0.30481169914582
0.0738028152664618
0.083403181496666
0.30481169914582
0.083403181496666
0.083403181496666
0.0129004921119261
0.0162006179981929
0.0330612683231495
0.0252609635987016
0.0924035249579538
0.0199207598821997
0.588022503001736
0.100803845338492
0.100803845338492
0.114604371748913
0.00366014033442108
1.26129086926804
0.444617032257091
0.248409475757936
0.0404415498672772
0.00307811813522765
0.0756028839671484
0.20640787356845
0.213608148221137
0.213608148221137
0.213608148221137
1.04231669292456
0.00984037538421098
0.114604371748913
0.000636024333925508
0.0147005607632596
0.0082203135708086
0.304211676560432
0.304211676560432
0.114604371748913
0.039001494894495
0.039001494894495
0.245409361596631
0.188407187107985
0.00261009956773139
0.123604714977132
0.127804875131564
0.00583822342584101
0.171606545910283
0.044041687215195
0.105604028410902
0.0134405127128182
0.213608148221137
0.20640787356845
0.0157806019728848
0.00684026164272611
0.0276610623417404
0.0499219114793747
0.00415815933846897
0.0112804302934217
0.0065402502029247
0.0385814789033383
0.224408560470147
0.02898111272766
0.0696026622299336
0.0581422250877514
0.00430816506087107
0.0330012660188247
0.0786029983855902
1.04231669292456
0.0222008468921723
0.0222008468921723
0.034861337002623
0.139205310094691
0.0286811012580019
0.65402502029247
0.034141309538692
0.588022503001736
0.218408331573884
0.137405241395028
0.073202792416961
0.213608148221137
0.0463817765197861
0.083403181496666
1.04231669292456
0.083403181496666
0.123604714977132
0.127804875131564
1.04231669292456
1.04231669292456
0.123604714977132
0.20640787356845
0.182406957990818
0.0143405470309852
0.0143405470309852
0.0143405470309852
1.26129086926804
0.028621098943997
0.0143405470309852
0.432616574087729
0.0368414125739678
0.0222008468921723
0.0222008468921723
0.0235808995428892
0.65402502029247
0.034141309538692
0.0222008468921723
0.034141309538692
0.0199207598821997
0.0368414125739678
0.0560421449908816
0.0222008468921723
0.0033901300399779
1.26129086926804
0.0152405813782775
1.26129086926804
0.588022503001736
0.421816162837988
0.00345013233038495
0.0882033646377469
0.0882033646377469
0.00858032730244871
0.0882033646377469
0.0022800869776616
0.0022800869776616
0.0145805561626585
0.0039901529277901
0.0145805561626585
0.0145805561626585
0.0550821083546951
0.0145805561626585
0.0145805561626585
0.0063002410511591
0.0145805561626585
0.0882033646377469
0.0720027538606505
0.0193207369771543
0.248409475757936
0.0235808995428892
0.0720027538606505
0.110404211541008
0.198007553008184
0.00429016436710312
0.198007553008184
0.220808422606034
0.0103203936856909
0.432616574087729
0.0138005264284352
0.00241809224265019
0.00175206683549382
0.0503419275417117
0.0503419275417117
0.0503419275417117
0.0618023646791808
0.0618023646791808
1.04231669292456
0.0148805676359341
0.114604371748913
0.0550821083546951
1.04231669292456
0.0345613255477994
0.017880682063633
0.0368414125739678
0.102603913968409
0.0345613255477994
0.0618023646791808
0.0163206225501727
0.126004806642572
0.0346813301409777
0.111004234175205
0.0346813301409777
0.0346813301409777
0.0292211218762804
0.0292211218762804
0.65402502029247
0.453017352530305
0.30481169914582
0.0235808995428892
0.102603913968409
0.063002410511591
0.0222008468921723
0.0487218657529214
0.00415815933846897
0.0166206340328248
0.0061202341847865
0.0159606088183392
0.022020840020794
0.0145205539043215
1.04231669292456
0.0503419275417117
0.00116404440459113
0.034141309538692
0.0368414125739678
0.000846032272607006
0.0193807392971871
1.04231669292456
0.213608148221137
0.00445217055075298
1.26129086926804
0.0361213850824883
0.477018268521839
0.0190807278589942
0.0190807278589942
0.0126604829417999
0.0215408216604225
0.0456017467174735
0.0344413209684437
0.444617032257091
0.039001494894495
0.0223808537112345
0.0181806935095779
0.0882033646377469
0.0183006980944317
0.123604714977132
0.0900034334042087
0.00508219458489666
0.0054422083180089
0.65402502029247
0.0337212934796672
0.024960952151683
0.0589222548205386
0.588022503001736
0.154805905333127
0.00306011745179893
0.588022503001736
0.0368414125739678
0.151205767923482
0.00984037538421098
0.00678025935959953
0.137405241395028
0.00984037538421098
0.031681215677853
0.0368414125739678
0.00446417100839622
0.0744028382088776
0.0396015178432401
1.26129086926804
0.0276610623417404
0.160806134216152
0.123604714977132
0.105604028410902
0.0506419389507769
0.0368414125739678
1.04231669292456
0.180006866512168
1.19121923683628
0.0816031127953476
0.0786029983855902
0.0147605630577271
0.182406957990818
0.20640787356845
0.248409475757936
0.224408560470147
0.224408560470147
0.304211676560432
0.0194407415922091
0.167406385619422
0.028621098943997
0.248409475757936
0.00558021358235906
0.00558021358235906
0.00235208972170365
0.0368414125739678
0.126004806642572
0.126004806642572
0.126004806642572
0.0136805218525834
0.0136805218525834
0.045061726150436
0.30481169914582
0.0211808079871111
0.123604714977132
0.100203822414967
0.00756028839671484
0.00756028839671484
1.06804074263216
1.06804074263216
1.06804074263216
1.06804074263216
1.06804074263216
0.0208807965392108
0.0618023646791808
0.0105604028410902
0.0386414812097288
0.0060002296067275
0.202207713300724
0.0168006408602681
0.189007210063415
0.189007210063415
0.000720027538606505
0.00454217398379849
1.04231669292456
0.0109204165858853
0.0120004577705986
1.19121923683628
0.133205081403006
0.0672025706822198
0.0387014835128374
0.00262210002892482
0.0684026164272611
0.0109204165858853
0.0684026164272611
0.0247209429974197
0.702026851351156
0.0276610623417404
0.114604371748913
0.0581422250877514
0.00569421792820952
0.0511819596079716
0.00583822342584101
0.0291011173056644
0.00569421792820952
0.00583822342584101
0.123604714977132
0.00569421792820952
0.248409475757936
0.148805676359341
1.19121923683628
1.19121923683628
0.00569421792820952
0.00583822342584101
0.00583822342584101
0.157205996643796
0.0044581707783639
0.0321012317396109
0.0222008468921723
0.479418359564304
0.00780029755314287
0.00583822342584101
0.00156005951082903
0.0193207369771543
1.04231669292456
0.00339613026746196
0.0294011287111193
0.0294011287111193
0.0262210002892482
0.0243609292617547
0.0198007553008184
0.0556821312874505
0.0148205653466542
0.108004119895976
0.00954036393949283
0.360013804757415
0.0243609292617547
0.0223808537112345
0.0243609292617547
0.0804030670592225
0.0804030670592225
1.06804074263216
0.0303011630769301
0.0180606889462633
0.017940684358128
0.113404326015766
0.0379814560149875
0.0349213393071932
0.123604714977132
0.444617032257091
0.0180606889462633
0.0393015063540042
0.0195607461776941
0.477018268521839
0.360013804757415
1.04231669292456
0.0930035476034556
0.00474618176742447
0.0456017467174735
0.0082203135708086
0.00516619779182326
0.123604714977132
0.045061726150436
0.477018268521839
0.477018268521839
0.00383414697502226
0.0590422593935816
0.0750028610909211
0.0375014377038717
0.0375014377038717
0.0503419275417117
0.0198007553008184
0.123604714977132
1.26129086926804
0.12180464646026
0.0361213850824883
0.0034861337002623
0.0034861337002623
0.0034861337002623
0.00231608835406624
0.0034861337002623
0.063002410511591
1.19121923683628
0.00828031586147876
0.0756028839671484
0.0171606545910283
0.00411615773463764
0.0354613599346306
0.0178206798256766
0.0354013576240731
0.30481169914582
0.0666025477960478
0.100203822414967
0.0559221403657454
0.100203822414967
0.100203822414967
0.0666025477960478
0.0404415498672772
0.100203822414967
0.30481169914582
0.100203822414967
0.100203822414967
0.100203822414967
0.0666025477960478
0.0666025477960478
0.0666025477960478
0.0666025477960478
0.100203822414967
0.100203822414967
0.0666025477960478
0.100203822414967
0.100203822414967
0.30481169914582
0.100203822414967
0.100203822414967
0.100203822414967
0.100203822414967
0.0666025477960478
0.100203822414967
0.100203822414967
0.0666025477960478
0.086403295956561
0.100203822414967
0.100203822414967
0.100203822414967
0.100203822414967
0.100203822414967
0.100203822414967
0.100203822414967
0.0666025477960478
0.0666025477960478
0.100203822414967
0.100203822414967
0.100203822414967
0.0768029297066659
0.0786029983855902
0.00678025935959953
0.00073202792416961
0.123604714977132
0.0666025477960478
0.100203822414967
0.0666025477960478
0.100203822414967
0.100203822414967
0.0666025477960478
0.0666025477960478
0.100203822414967
0.100203822414967
0.100203822414967
0.421816162837988
0.100203822414967
0.30481169914582
0.100203822414967
0.100203822414967
0.100203822414967
0.0666025477960478
0.100203822414967
1.19121923683628
0.0105004005459247
0.063002410511591
0.0666025477960478
0.0243609292617547
0.0417616001875098
0.0984037538421098
0.0243609292617547
0.123604714977132
0.00239409132658959
0.151205767923482
0.151205767923482
0.151205767923482
0.034141309538692
0.034141309538692
0.126004806642572
0.0039001494894495
0.0163806248733494
0.00239409132658959
0.00239409132658959
0.00294011287111193
1.04231669292456
0.30481169914582
0.0174006637723158
0.086403295956561
0.248409475757936
0.123604714977132
0.0786029983855902
0.161406157171833
0.0195607461776941
0.0507019412485932
0.00756028839671484
0.00239409132658959
0.00239409132658959
0.00239409132658959
0.00239409132658959
0.0642024562544508
0.0559221403657454
0.00239409132658959
0.0409215681877422
0.0378014491545558
0.00239409132658959
0.00239409132658959
0.00239409132658959
0.00239409132658959
0.00239409132658959
0.00239409132658959
0.00239409132658959
0.00239409132658959
0.00239409132658959
0.00239409132658959
0.00239409132658959
0.00239409132658959
0.00239409132658959
0.00239409132658959
0.30481169914582
0.00239409132658959
0.126004806642572
0.126004806642572
0.00239409132658959
0.00239409132658959
0.00239409132658959
0.00239409132658959
0.0171606545910283
0.00954036393949283
0.479418359564304
0.269410277062269
0.0351613484296446
1.04231669292456
0.0049561897770039
0.0351613484296446
0.0351613484296446
0.0351613484296446
0.0351613484296446
0.0344413209684437
0.00239409132658959
0.0702026851351156
0.269410277062269
0.00550221060853151
0.00550221060853151
0.0234608949327999
0.0362413896478343
0.00239409132658959
0.00476418244638547
0.0164406271356081
0.086403295956561
0.086403295956561
1.26129086926804
1.26129086926804
0.00239409132658959
0.0702026851351156
1.06804074263216
0.0073202792416961
0.0154205882129214
0.00239409132658959
0.00239409132658959
0.00239409132658959
0.123604714977132
0.0154205882129214
0.00239409132658959
0.00393615086325375
0.00972037079699672
0.189007210063415
0.0678025935959953
0.00401415384336918
0.00239409132658959
0.100803845338492
0.100803845338492
0.100803845338492
0.00306011745179893
0.164406271356081
0.0530420305920702
0.276010600829589
0.0463217741890961
0.0744028382088776
0.0142205424494163
1.06804074263216
0.0264010070879563
0.0330612683231495
0.0744028382088776
1.06804074263216
0.0142205424494163
0.00570621839127773
0.0527420190971255
0.00678025935959953
0.00858032730244871
0.0378014491545558
0.0550821083546951
0.0463217741890961
0.588022503001736
0.0550821083546951
0.304211676560432
0.00239409132658959
0.0463217741890961
1.26129086926804
0.164406271356081
0.00239409132658959
0.0291011173056644
0.0291011173056644
0.0291011173056644
0.702026851351156
0.702026851351156
0.00954036393949283
0.000708027080193406
0.000966036849907335
0.00469217970473892
0.0240009155575235
0.0374414354471199
0.0183006980944317
0.010740409698318
0.0351613484296446
0.170406500337837
0.0702026851351156
0.30481169914582
0.0154205882129214
0.0147605630577271
0.0148205653466542
0.0138005264284352
0.0065402502029247
0.0222008468921723
0.034141309538692
0.444617032257091
0.00073202792416961
1.26129086926804
1.26129086926804
0.202207713300724
0.00267610208377198
0.0291011173056644
0.073202792416961
0.00726027766602067
0.0494418932275528
0.0524420076046599
0.00708027080193406
0.063002410511591
0.0503419275417117
0.0141005378798934
0.0924035249579538
0.0463217741890961
0.00714027309537835
0.248409475757936
0.248409475757936
0.00469217970473892
0.00852032501704358
0.026701018529545
0.026701018529545
0.0436816734526296
0.0436816734526296
0.026701018529545
0.0798030441496527
0.000554421221220869
0.111004234175205
0.0756028839671484
0.0804030670592225
1.19121923683628
0.453017352530305
0.00239409132658959
0.479418359564304
0.154805905333127
0.0118804531963987
0.0456017467174735
0.65402502029247
0.65402502029247
0.0460217627050726
0.0155405928192834
0.0460217627050726
0.0666025477960478
0.086403295956561
0.086403295956561
0.086403295956561
0.086403295956561
0.0494418932275528
0.086403295956561
0.0362413896478343
0.0175206683549382
0.0073202792416961
0.0214208171366556
0.0255609750317133
0.123604714977132
0.189007210063415
0.189007210063415
0.0214208171366556
0.0214208171366556
0.0214208171366556
1.19121923683628
0.0214208171366556
0.0168006408602681
0.0214208171366556
0.0214208171366556
0.0214208171366556
0.018120691241586
0.010740409698318
0.0214208171366556
0.018120691241586
0.00750028610909211
0.0407415613297949
0.105604028410902
0.00507619435458855
0.12180464646026
0.0214208171366556
0.0214208171366556
0.0166206340328248
0.0166206340328248
0.0166206340328248
0.0214208171366556
0.0214208171366556
0.0214208171366556
1.04231669292456
0.0214208171366556
0.444617032257091
0.444617032257091
0.444617032257091
0.0166206340328248
0.0483618519936709
0.0324012431422776
0.0166206340328248
0.0340813072917607
0.479418359564304
1.26129086926804
0.0190807278589942
0.0128404898180844
0.105604028410902
0.0708027080193406
0.0708027080193406
0.00185407072679418
0.0439816848867665
0.0168006408602681
0.154805905333127
0.164406271356081
0.164406271356081
0.0942035935007227
0.154805905333127
0.154805905333127
0.154805905333127
0.164406271356081
0.154805905333127
0.0387014835128374
0.0942035935007227
0.0250209544380983
0.0942035935007227
0.101403868008263
0.0168006408602681
0.101403868008263
0.0786029983855902
0.101403868008263
0.00360013804757415
0.0208807965392108
1.06804074263216
0.00870033188243466
0.00924035249579538
0.20640787356845
0.164406271356081
0.164406271356081
0.0882033646377469
0.0166206340328248
0.00714027309537835
0.479418359564304
0.0106204051353756
0.0234608949327999
0.0744028382088776
1.19121923683628
0.0214208171366556
0.034861337002623
0.0127204852414052
0.00744028382088776
0.00091803501952245
0.0942035935007227
0.479418359564304
1.04231669292456
0.0804030670592225
0.034861337002623
0.034861337002623
0.30481169914582
0.0708027080193406
0.0153605859487322
0.245409361596631
0.0214208171366556
0.0199207598821997
0.00828031586147876
0.0804030670592225
0.0303011630769301
0.0138005264284352
0.0413415842010169
0.0186607118610716
0.0186607118610716
0.0186607118610716
0.702026851351156
0.0109804188438224
0.0186607118610716
0.0186607118610716
0.0186607118610716
0.0163206225501727
0.0163206225501727
0.0168006408602681
0.0163206225501727
0.0186607118610716
0.0281410806758486
0.245409361596631
1.06804074263216
1.06804074263216
0.0344413209684437
0.00618023646791808
0.00223208514686174
0.0186607118610716
0.0104403982508699
0.0349213393071932
0.30481169914582
0.101403868008263
0.0648024791403196
0.0413415842010169
0.0591022616867343
1.04231669292456
0.00102003890990006
0.202207713300724
0.0478818336585617
0.0478818336585617
0.0091803501952245
0.101403868008263
0.245409361596631
0.00357613713582297
0.0197407530361656
0.0197407530361656
0.000936035705242226
0.0337212934796672
0.245409361596631
0.0114604371748913
0.0182406957990818
0.000296411378326853
0.0503419275417117
0.00660025249341752
0.049561897770039
0.049561897770039
1.19121923683628
0.0846032272607006
0.049561897770039
0.0462617718565363
0.101403868008263
0.0151205767923482
0.0271210417268072
0.0151205767923482
0.0271210417268072
0.0502219229416417
0.0279610737805712
0.432616574087729
0.0289211104104281
0.154805905333127
1.04231669292456
0.477018268521839
0.0774029525883785
0.0271210417268072
0.082203135708086
0.082203135708086
0.082203135708086
0.224408560470147
0.180006866512168
0.063002410511591
0.00325212477594464
0.0115804417438211
0.0344413209684437
0.0115804417438211
0.0942035935007227
0.105604028410902
0.0636024333925508
0.0034861337002623
0.082203135708086
0.082203135708086
0.082203135708086
1.04231669292456
0.0774029525883785
0.0120004577705986
1.19121923683628
1.04231669292456
0.0234608949327999
0.65402502029247
0.0942035935007227
0.00547820969118988
0.161406157171833
0.049561897770039
0.00480618405534945
0.114604371748913
0.082203135708086
0.000846032272607006
0.171606545910283
0.0550821083546951
0.00558021358235906
0.00954036393949283
0.151205767923482
0.248409475757936
0.00480618405534945
0.026521011688614
0.0049561897770039
0.0151205767923482
0.0151205767923482
0.0151205767923482
0.0361213850824883
0.0354013576240731
0.020040764505553
0.0171606545910283
0.0550821083546951
0.0502219229416417
0.202207713300724
0.00354613599346306
0.00194407415922091
0.0491418817625861
0.0231008811985411
0.00326412522889705
0.00255609750317133
0.30481169914582
0.100203822414967
0.0942035935007227
0.30481169914582
0.30481169914582
0.30481169914582
0.0738028152664618
0.0151205767923482
0.0151205767923482
0.0151205767923482
0.0151205767923482
0.0151205767923482
0.0151205767923482
0.0151205767923482
0.0151205767923482
0.0151205767923482
0.0151205767923482
0.0151205767923482
0.0271210417268072
0.0271210417268072
0.0271210417268072
0.0271210417268072
0.0151205767923482
0.0151205767923482
0.0271210417268072
0.0151205767923482
0.0151205767923482
0.021060803377823
0.0151205767923482
0.0151205767923482
0.0271210417268072
0.0208807965392108
0.0271210417268072
0.00177606775025522
0.0315612111511145
0.0550821083546951
0.0550821083546951
0.00936035705242226
0.167406385619422
0.0900034334042087
0.0550821083546951
0.00978037308634282
0.0217808308736764
0.103203936856909
0.0750028610909211
1.06804074263216
1.26129086926804
0.0550821083546951
0.0550821083546951
0.0726027766602067
1.26129086926804
0.0151205767923482
0.444617032257091
0.0271210417268072
0.0271210417268072
0.017880682063633
0.017880682063633
0.0123604714977132
0.017880682063633
0.017880682063633
0.017880682063633
0.213608148221137
0.151205767923482
0.0330012660188247
0.000510019526639489
0.000510019526639489
0.0301811585061238
0.00275410577932948
0.224408560470147
0.224408560470147
0.224408560470147
0.224408560470147
0.224408560470147
0.0151205767923482
0.0984037538421098
1.04231669292456
0.0208807965392108
0.0381614628956069
0.039001494894495
0.0193807392971871
0.0193807392971871
0.017880682063633
0.017880682063633
0.0151205767923482
0.0396015178432401
0.039001494894495
0.0214208171366556
0.0996037994963816
0.083403181496666
0.083403181496666
0.0396015178432401
0.0396015178432401
0.114604371748913
0.702026851351156
0.017880682063633
0.017880682063633
1.26129086926804
0.00415815933846897
0.0180006866512168
0.0194407415922091
0.00485418588635348
0.039001494894495
0.039001494894495
0.0708027080193406
0.0708027080193406
0.00375614400067073
0.100203822414967
0.00375614400067073
0.039001494894495
0.00375614400067073
0.0708027080193406
0.0708027080193406
0.00375614400067073
0.0708027080193406
0.100203822414967
0.0708027080193406
0.0708027080193406
0.0708027080193406
0.0702026851351156
0.039001494894495
0.0882033646377469
0.039001494894495
0.0157806019728848
0.00496819023367913
0.00496819023367913
0.0804030670592225
0.0804030670592225
0.0247209429974197
0.0348013347225673
0.024960952151683
0.0168006408602681
0.0247209429974197
0.0344413209684437
0.024960952151683
0.0247209429974197
0.248409475757936
0.039001494894495
0.0247209429974197
0.0348013347225673
0.0247209429974197
0.0780029755314286
0.0780029755314286
0.0780029755314286
0.0309611882197409
0.0398415270018443
0.0247209429974197
0.304211676560432
0.304211676560432
0.304211676560432
0.224408560470147
0.224408560470147
0.224408560470147
0.304211676560432
0.304211676560432
0.304211676560432
0.304211676560432
0.0550821083546951
0.304211676560432
0.0330012660188247
0.0550821083546951
0.0139805332988458
0.0346813301409777
0.00194407415922091
0.160806134216152
1.04231669292456
0.00660025249341752
0.083403181496666
0.0223208514686174
0.0226808651530159
0.0226808651530159
0.0708027080193406
0.20640787356845
0.20640787356845
0.00786029983855902
0.0344413209684437
0.154805905333127
0.114604371748913
0.0329412637633444
0.000738028152664618
0.0222008468921723
0.0702026851351156
0.0368414125739678
0.0133205081403006
0.304211676560432
0.154805905333127
0.0702026851351156
0.100203822414967
0.0702026851351156
0.0702026851351156
0.0702026851351156
0.0702026851351156
0.000900034334042087
0.000900034334042087
0.000900034334042087
0.000900034334042087
0.0354013576240731
0.00145205539043215
0.0708027080193406
0.304211676560432
0.304211676560432
0.304211676560432
0.304211676560432
0.304211676560432
0.0222008468921723
0.304211676560432
0.0238809109813614
0.304211676560432
0.0804030670592225
0.20640787356845
1.04231669292456
0.102603913968409
0.479418359564304
0.304211676560432
0.304211676560432
0.0346813301409777
0.304211676560432
0.304211676560432
0.183607004145448
0.0232808880641522
0.134405127128182
0.0368414125739678
0.017880682063633
0.0346813301409777
0.00798030441496528
0.360013804757415
0.017880682063633
0.086403295956561
0.0744028382088776
0.024960952151683
0.0166206340328248
0.0166206340328248
0.0142205424494163
0.0744028382088776
0.0738028152664618
0.0738028152664618
0.020640787356845
0.00546620923198294
0.00546620923198294
0.0223208514686174
0.00546620923198294
0.0828031586147877
0.00295211333112143
0.0744028382088776
0.0804030670592225
1.19121923683628
0.00332412752153522
0.218408331573884
0.30481169914582
0.0201007667756657
0.0133205081403006
0.0744028382088776
0.0744028382088776
0.0744028382088776
0.0744028382088776
0.0744028382088776
0.0876033417647216
1.04231669292456
0.100803845338492
0.0852032501704358
0.0376214422885528
0.020040764505553
0.020040764505553
0.086403295956561
0.00405615544800885
0.0463217741890961
0.30481169914582
0.020040764505553
0.020040764505553
0.0376214422885528
0.020040764505553
0.0744028382088776
0.0511219573167467
0.0463217741890961
0.020040764505553
0.00978037308634282
0.00405615544800885
0.100803845338492
0.086403295956561
0.0142205424494163
0.020040764505553
0.0386414812097288
0.00978037308634282
0.020040764505553
0.020040764505553
0.00720027538606505
0.020040764505553
0.017880682063633
0.0330612683231495
0.0189607232684871
0.0142205424494163
0.0375014377038717
0.020040764505553
0.020040764505553
0.020040764505553
0.0738028152664618
0.020040764505553
0.020040764505553
0.020040764505553
0.00405615544800885
0.020040764505553
0.00978037308634282
0.086403295956561
0.00405615544800885
0.0347413324513947
0.020040764505553
0.020040764505553
0.00690026393683231
0.00405615544800885
0.0330612683231495
0.0330612683231495
0.0463217741890961
0.00942035935007228
0.100803845338492
0.0330612683231495
0.00445217055075298
0.020040764505553
0.0189607232684871
0.0463217741890961
0.020040764505553
0.0744028382088776
0.0150605745061544
0.0559221403657454
0.0463217741890961
0.086403295956561
0.020040764505553
0.00445217055075298
0.0189607232684871
0.0189607232684871
0.00445217055075298
0.100803845338492
0.017880682063633
0.020040764505553
0.020040764505553
0.0330612683231495
0.0463217741890961
0.020040764505553
0.0189607232684871
0.063002410511591
0.0330612683231495
0.020040764505553
0.020040764505553
0.100803845338492
0.0142205424494163
0.0142205424494163
0.020040764505553
0.0189607232684871
0.020040764505553
0.020040764505553
0.0744028382088776
0.00405615544800885
0.020040764505553
0.0330612683231495
0.020040764505553
0.0189607232684871
0.0768029297066659
0.0330612683231495
0.020040764505553
0.020040764505553
0.00361813873654096
0.020040764505553
0.020040764505553
0.00405615544800885
0.00405615544800885
0.0744028382088776
0.00978037308634282
0.00978037308634282
0.00445217055075298
0.0463217741890961
0.100803845338492
0.0142205424494163
0.020040764505553
0.020040764505553
0.0142205424494163
0.0142205424494163
0.00690026393683231
0.020040764505553
0.0330612683231495
0.00405615544800885
0.00445217055075298
0.020040764505553
0.0463217741890961
0.0123604714977132
0.020040764505553
0.00720027538606505
0.020040764505553
0.020040764505553
0.020040764505553
0.063002410511591
0.0150605745061544
0.0330612683231495
0.00978037308634282
0.00720027538606505
0.0550821083546951
0.0112804302934217
0.0142205424494163
0.0744028382088776
0.00380414583188987
0.020040764505553
0.00720027538606505
0.0142205424494163
0.0330612683231495
0.0463217741890961
0.00405615544800885
0.020040764505553
0.017880682063633
0.0189607232684871
0.0744028382088776
0.086403295956561
0.0463217741890961
0.086403295956561
0.00445217055075298
0.00445217055075298
0.0463217741890961
0.0142205424494163
0.00405615544800885
0.020040764505553
0.0744028382088776
0.0744028382088776
0.0636024333925508
0.00720027538606505
0.0142205424494163
0.100803845338492
0.00720027538606505
0.020040764505553
0.020040764505553
0.0330612683231495
0.020040764505553
0.086403295956561
0.0550821083546951
0.0330612683231495
0.0330612683231495
0.0123604714977132
0.020040764505553
0.020040764505553
0.020040764505553
0.020040764505553
0.020040764505553
0.0330612683231495
0.0463217741890961
0.0463217741890961
0.0142205424494163
0.020040764505553
0.020040764505553
0.020040764505553
0.0145205539043215
0.020040764505553
0.00720027538606505
0.020040764505553
0.020040764505553
0.0330612683231495
0.00720027538606505
0.086403295956561
0.0463217741890961
0.0330612683231495
0.020040764505553
0.100803845338492
0.020040764505553
0.00405615544800885
0.0142205424494163
0.0123604714977132
0.020040764505553
0.020040764505553
0.020040764505553
0.0330612683231495
0.0142205424494163
0.020040764505553
0.020040764505553
0.020040764505553
0.00690026393683231
0.0189607232684871
0.0142205424494163
0.020040764505553
0.00720027538606505
0.0330612683231495
0.00624023875923523
0.020040764505553
0.020040764505553
0.0511219573167467
0.0506419389507769
0.020040764505553
0.020040764505553
0.0108004119895976
0.00720027538606505
0.020040764505553
0.020040764505553
0.0330612683231495
0.0463217741890961
0.00445217055075298
0.0330612683231495
0.0330612683231495
0.086403295956561
0.063002410511591
0.0330612683231495
0.0330612683231495
0.0744028382088776
0.0330612683231495
0.0330612683231495
0.020040764505553
0.0463217741890961
0.0142205424494163
0.020040764505553
0.0142205424494163
0.0189607232684871
0.020040764505553
0.0744028382088776
0.020040764505553
0.063002410511591
0.020040764505553
0.086403295956561
0.020040764505553
0.0744028382088776
0.020040764505553
0.020040764505553
0.0145205539043215
0.0142205424494163
0.0189607232684871
0.020040764505553
0.00116404440459113
0.020040764505553
0.020040764505553
0.00720027538606505
0.00942035935007228
0.0744028382088776
0.020040764505553
0.00978037308634282
0.00672025706822198
0.0463217741890961
0.0768029297066659
0.020040764505553
0.0142205424494163
0.30481169914582
0.0550821083546951
0.0142205424494163
0.0463217741890961
0.0463217741890961
0.0145205539043215
0.0142205424494163
0.020040764505553
0.00672025706822198
0.0330612683231495
0.100803845338492
0.020040764505553
0.020040764505553
0.020040764505553
0.0744028382088776
0.020040764505553
0.0463217741890961
0.020040764505553
0.0330612683231495
0.0463217741890961
0.00942035935007228
0.0550821083546951
0.086403295956561
0.020040764505553
0.0330612683231495
0.0330612683231495
0.0386414812097288
0.020040764505553
0.00690026393683231
0.020040764505553
0.020040764505553
0.0330612683231495
0.0145205539043215
0.0123604714977132
0.0330612683231495
0.0330612683231495
0.0330612683231495
0.0123604714977132
0.020040764505553
0.0189607232684871
0.0330612683231495
0.0463217741890961
0.00942035935007228
0.020040764505553
0.020040764505553
0.086403295956561
0.0142205424494163
0.0145205539043215
0.020040764505553
0.0463217741890961
0.100803845338492
0.020040764505553
0.0142205424494163
0.0550821083546951
0.0142205424494163
0.020040764505553
0.0142205424494163
0.020040764505553
0.0550821083546951
0.0142205424494163
0.020040764505553
0.00230408789090894
0.020040764505553
0.020040764505553
0.0123604714977132
0.063002410511591
0.086403295956561
0.0744028382088776
0.0330612683231495
0.0463217741890961
0.0330612683231495
0.00720027538606505
0.0375014377038717
0.020040764505553
0.0744028382088776
0.020040764505553
0.00445217055075298
0.0269410277062269
0.086403295956561
0.0330612683231495
0.020040764505553
0.00720027538606505
0.063002410511591
0.00230408789090894
0.063002410511591
0.0550821083546951
0.020040764505553
0.0744028382088776
0.00720027538606505
0.063002410511591
0.0550821083546951
0.020040764505553
0.0150605745061544
0.0145205539043215
0.00720027538606505
0.0145205539043215
0.020040764505553
0.0142205424494163
0.0142205424494163
0.020040764505553
0.0744028382088776
0.00160806134216152
0.0142205424494163
0.0636024333925508
0.0123604714977132
0.0636024333925508
0.0330612683231495
0.0123604714977132
0.0636024333925508
0.00978037308634282
0.0330612683231495
0.00445217055075298
0.0768029297066659
0.0101403868008263
0.0123604714977132
0.020040764505553
0.00720027538606505
0.020040764505553
0.0142205424494163
0.0375014377038717
0.0123604714977132
0.0330612683231495
0.020040764505553
0.0550821083546951
0.020040764505553
0.020040764505553
0.0150605745061544
0.0636024333925508
0.0463217741890961
0.0463217741890961
0.0463217741890961
0.020040764505553
0.0463217741890961
0.020040764505553
0.0330612683231495
0.0744028382088776
0.0330612683231495
0.0744028382088776
0.0142205424494163
0.0463217741890961
0.020040764505553
0.0738028152664618
0.0142205424494163
0.0550821083546951
0.100803845338492
0.020040764505553
0.0330612683231495
0.020040764505553
0.0142205424494163
0.020040764505553
0.020040764505553
0.0145205539043215
0.0189607232684871
0.114604371748913
0.00445217055075298
0.0463217741890961
0.00720027538606505
0.020040764505553
0.0142205424494163
0.045061726150436
0.020040764505553
0.0463217741890961
0.020040764505553
0.0330612683231495
0.0222008468921723
0.045061726150436
0.0123604714977132
0.00445217055075298
0.00445217055075298
0.100803845338492
0.00445217055075298
0.100803845338492
0.30481169914582
0.0142205424494163
0.020040764505553
0.0142205424494163
0.00720027538606505
0.00720027538606505
0.0330612683231495
0.0550821083546951
0.020040764505553
0.00445217055075298
0.00720027538606505
0.020040764505553
0.0744028382088776
0.0330612683231495
0.0330612683231495
0.00978037308634282
0.020040764505553
0.020040764505553
0.020040764505553
0.0330612683231495
0.063002410511591
0.00720027538606505
0.100803845338492
0.0636024333925508
0.063002410511591
0.0744028382088776
0.020040764505553
0.020040764505553
0.0463217741890961
0.063002410511591
0.00405615544800885
0.0330612683231495
0.0145205539043215
0.0550821083546951
0.0222008468921723
0.0550821083546951
0.0768029297066659
0.0347413324513947
0.100803845338492
0.0347413324513947
0.0347413324513947
0.00942035935007228
0.0145205539043215
0.086403295956561
0.020040764505553
0.020040764505553
0.00720027538606505
0.020040764505553
0.0636024333925508
0.0368414125739678
0.0463217741890961
0.020040764505553
0.00445217055075298
0.00942035935007228
0.0744028382088776
0.020040764505553
0.0145205539043215
0.020040764505553
0.020040764505553
0.0550821083546951
0.0189607232684871
0.0330612683231495
0.0330612683231495
0.020040764505553
0.020040764505553
0.00672025706822198
0.100803845338492
0.100803845338492
0.020040764505553
0.020040764505553
0.020040764505553
0.020040764505553
0.020040764505553
1.04231669292456
0.00672025706822198
0.0123604714977132
0.0330612683231495
0.0463217741890961
0.0142205424494163
0.020040764505553
0.0330612683231495
0.020040764505553
0.0145205539043215
0.020040764505553
0.020040764505553
0.063002410511591
0.0145205539043215
0.020040764505553
0.00978037308634282
0.020040764505553
0.0150605745061544
0.0375014377038717
0.0463217741890961
0.020040764505553
0.0145205539043215
0.100803845338492
0.100803845338492
0.0550821083546951
0.100803845338492
0.0145205539043215
0.0463217741890961
0.086403295956561
0.0375014377038717
0.0375014377038717
0.0145205539043215
0.020040764505553
0.0550821083546951
0.00445217055075298
0.00445217055075298
0.020040764505553
0.086403295956561
0.100803845338492
0.0744028382088776
0.0330612683231495
0.00445217055075298
0.0189607232684871
0.020040764505553
0.0330612683231495
0.0330612683231495
0.020040764505553
0.100803845338492
0.477018268521839
0.020040764505553
0.020040764505553
0.65402502029247
0.0330612683231495
0.0463217741890961
0.0189607232684871
0.020040764505553
0.0145205539043215
0.020040764505553
0.000690026393683231
0.0463217741890961
0.0375014377038717
0.100803845338492
0.0330612683231495
0.100803845338492
0.063002410511591
0.020040764505553
0.0636024333925508
0.020040764505553
0.0744028382088776
0.0942035935007227
0.063002410511591
1.26129086926804
0.020040764505553
0.086403295956561
0.063002410511591
0.086403295956561
0.063002410511591
0.0189607232684871
0.00230408789090894
0.0142205424494163
0.0744028382088776
0.0145205539043215
0.0375014377038717
0.020040764505553
0.0330612683231495
0.0463217741890961
0.020040764505553
0.00160806134216152
0.0375014377038717
0.0375014377038717
0.0550821083546951
0.0375014377038717
0.100803845338492
0.0375014377038717
0.020040764505553
0.0672025706822198
0.0330612683231495
0.0463217741890961
0.0150605745061544
0.020040764505553
0.020040764505553
0.0142205424494163
0.0330612683231495
0.063002410511591
0.0463217741890961
0.0738028152664618
0.020040764505553
0.0463217741890961
0.020040764505553
0.0142205424494163
0.0142205424494163
0.0375014377038717
0.0189607232684871
0.0189607232684871
0.0463217741890961
0.0550821083546951
0.0463217741890961
0.00978037308634282
0.0463217741890961
0.020040764505553
0.063002410511591
0.0330612683231495
0.0142205424494163
0.00978037308634282
0.100803845338492
0.0150605745061544
0.086403295956561
0.0463217741890961
0.0330612683231495
0.00563421564088574
0.0375014377038717
0.0145205539043215
0.086403295956561
0.0142205424494163
0.0744028382088776
0.020040764505553
0.0189607232684871
0.0189607232684871
0.0463217741890961
0.0189607232684871
0.020040764505553
0.0463217741890961
0.0330612683231495
0.0330612683231495
0.0142205424494163
0.0330612683231495
0.0375014377038717
0.020040764505553
0.0463217741890961
0.0142205424494163
0.0463217741890961
0.0142205424494163
0.020040764505553
0.020040764505553
0.0142205424494163
0.0142205424494163
0.086403295956561
0.0463217741890961
0.00624023875923523
0.0142205424494163
0.0463217741890961
0.0768029297066659
0.086403295956561
1.26129086926804
0.00160806134216152
0.0142205424494163
0.00672025706822198
0.0142205424494163
0.00978037308634282
0.00283810898166918
0.0463217741890961
0.0463217741890961
0.000762029068547078
0.0330612683231495
0.0142205424494163
0.0330612683231495
0.086403295956561
0.0463217741890961
0.0330612683231495
0.0330612683231495
0.063002410511591
0.0123604714977132
0.0330612683231495
0.0142205424494163
1.04231669292456
0.0330612683231495
0.0330612683231495
0.000762029068547078
0.0463217741890961
0.100803845338492
0.100803845338492
0.0463217741890961
0.020040764505553
0.020040764505553
0.020040764505553
0.020040764505553
0.0142205424494163
0.0142205424494163
0.0189607232684871
0.0189607232684871
0.0463217741890961
0.00942035935007228
0.0123604714977132
0.0463217741890961
0.0744028382088776
0.00942035935007228
0.00160806134216152
0.00445217055075298
0.00230408789090894
0.00942035935007228
0.00978037308634282
0.0744028382088776
0.063002410511591
0.0744028382088776
0.00257409818751539
0.0375014377038717
0.00544820855079908
0.0123604714977132
0.0123604714977132
0.0142205424494163
0.063002410511591
0.0550821083546951
0.0375014377038717
0.0375014377038717
0.0214208171366556
0.0123604714977132
0.0123604714977132
0.063002410511591
0.086403295956561
0.30481169914582
0.086403295956561
0.0123604714977132
0.0189607232684871
0.213608148221137
0.0744028382088776
0.0123604714977132
0.0330612683231495
0.0330612683231495
0.00768029297066659
0.0330612683231495
0.0123604714977132
0.0330612683231495
0.00978037308634282
0.0744028382088776
0.00978037308634282
0.0375014377038717
0.0744028382088776
0.0463217741890961
0.063002410511591
0.00116404440459113
0.0550821083546951
0.0360013804757415
0.0354013576240731
0.0463217741890961
0.0145205539043215
0.020040764505553
0.063002410511591
0.063002410511591
0.0145205539043215
0.0123604714977132
0.0375014377038717
0.0347413324513947
0.086403295956561
0.0463217741890961
0.0463217741890961
0.00978037308634282
0.0463217741890961
0.0123604714977132
0.0145205539043215
0.0214208171366556
0.020040764505553
0.0330612683231495
0.0190207255337184
0.0142205424494163
0.0142205424494163
0.0744028382088776
0.0325812500342623
0.0744028382088776
0.0189607232684871
0.020040764505553
0.0142205424494163
0.063002410511591
0.0017940684358128
0.0463217741890961
0.0330612683231495
0.0511219573167467
0.0330612683231495
0.0142205424494163
0.0744028382088776
0.020040764505553
0.0330612683231495
0.0330612683231495
0.0330612683231495
0.0330612683231495
0.0330612683231495
0.0375014377038717
0.0744028382088776
0.00318612225755986
0.0330612683231495
0.0330612683231495
0.0636024333925508
0.0010740409698318
0.020040764505553
0.020040764505553
0.020040764505553
0.020040764505553
0.020040764505553
0.020040764505553
0.0010740409698318
0.0123604714977132
0.0145205539043215
0.0330612683231495
0.0550821083546951
0.0463217741890961
0.063002410511591
0.029821144780624
0.020040764505553
0.00978037308634282
0.00445217055075298
0.00942035935007228
0.020040764505553
0.0744028382088776
0.0744028382088776
0.0744028382088776
0.0463217741890961
0.0100203822414967
0.00445217055075298
0.0145205539043215
0.00720027538606505
0.0123604714977132
0.00160806134216152
0.0588022503001736
0.0150605745061544
0.063002410511591
0.00160806134216152
0.153281886273271
0.00720027538606505
0.0463217741890961
0.0145205539043215
0.0142205424494163
0.113404326015766
0.213608148221137
0.0636024333925508
0.00483618519936709
0.020040764505553
0.102603913968409
0.0142205424494163
0.0375014377038717
0.100803845338492
0.0375014377038717
0.0339613026746196
0.0984037538421098
0.0984037538421098
0.0339613026746196
0.00192007324473198
0.00942035935007228
0.0636024333925508
0.0463217741890961
0.0145205539043215
0.0463217741890961
0.083403181496666
0.083403181496666
0.086403295956561
0.083403181496666
0.189007210063415
0.00165606317121577
0.0547220946201278
0.180006866512168
0.063002410511591
0.00978037308634282
0.0550821083546951
1.04231669292456
0.0142205424494163
0.00720027538606505
0.020040764505553
0.0636024333925508
0.0636024333925508
0.0636024333925508
0.0636024333925508
0.0636024333925508
0.063002410511591
0.063002410511591
0.0636024333925508
0.063002410511591
0.063002410511591
0.0636024333925508
0.0636024333925508
0.0636024333925508
0.063002410511591
0.063002410511591
0.0636024333925508
0.0330612683231495
0.063002410511591
0.0636024333925508
0.0636024333925508
0.063002410511591
0.063002410511591
0.063002410511591
0.0636024333925508
0.0636024333925508
0.063002410511591
0.0636024333925508
0.063002410511591
0.063002410511591
0.0330612683231495
0.063002410511591
0.063002410511591
0.063002410511591
0.063002410511591
0.0636024333925508
0.0636024333925508
0.0547220946201278
0.0636024333925508
0.063002410511591
0.0636024333925508
0.0636024333925508
0.063002410511591
0.00690026393683231
0.063002410511591
0.063002410511591
0.0636024333925508
0.0636024333925508
0.00720027538606505
0.063002410511591
0.063002410511591
0.00720027538606505
0.0330612683231495
0.063002410511591
0.0798030441496527
0.0375014377038717
0.0768029297066659
0.0375014377038717
0.0636024333925508
0.0636024333925508
0.00405615544800885
0.0142205424494163
0.0636024333925508
0.0547220946201278
0.0463217741890961
0.0463217741890961
0.0463217741890961
0.0145205539043215
0.0636024333925508
0.102603913968409
1.19121923683628
0.0636024333925508
0.0636024333925508
0.00942035935007228
0.151205767923482
0.0636024333925508
0.00351013462026774
0.0636024333925508
0.0142205424494163
0.0354013576240731
0.0354013576240731
0.0636024333925508
0.020040764505553
0.063002410511591
0.0798030441496527
0.0636024333925508
0.0414015864991614
0.0463217741890961
0.00978037308634282
0.063002410511591
0.0215408216604225
0.00978037308634282
0.0351613484296446
0.0375014377038717
0.0108004119895976
0.0145205539043215
0.0145205539043215
0.0768029297066659
0.0145205539043215
0.0463217741890961
0.269410277062269
0.269410277062269
0.0111004234175205
0.00405615544800885
0.00660025249341752
0.0330612683231495
0.269410277062269
0.0247209429974197
0.063002410511591
1.26129086926804
0.086403295956561
0.00720027538606505
0.0142205424494163
0.0463217741890961
0.0142205424494163
0.0142205424494163
1.19121923683628
1.19121923683628
0.020040764505553
0.421816162837988
1.19121923683628
0.063002410511591
0.00405615544800885
0.00376814445916615
0.479418359564304
0.0091803501952245
0.421816162837988
0.00786029983855902
0.0636024333925508
0.0463217741890961
0.0463217741890961
0.0142205424494163
0.0142205424494163
0.0581422250877514
0.0463217741890961
0.0142205424494163
0.0142205424494163
0.00256809796102774
0.063002410511591
0.00720027538606505
1.04231669292456
0.0463217741890961
0.0744028382088776
0.00432016551690923
0.0145205539043215
0.0142205424494163
0.0291011173056644
0.0900034334042087
0.020040764505553
0.0142205424494163
0.00570621839127773
0.100803845338492
0.421816162837988
0.0238809109813614
0.0636024333925508
0.00720027538606505
0.202207713300724
0.00483618519936709
0.0060002296067275
0.0463217741890961
0.0547220946201278
1.19121923683628
0.0375014377038717
0.0142205424494163
1.04231669292456
0.0142205424494163
0.000444617032257091
0.0348013347225673
0.0142205424494163
0.063002410511591
0.00330612683231495
0.479418359564304
0.00780029755314287
0.0195007438846605
0.0142205424494163
0.0114604371748913
0.00690026393683231
0.00942035935007228
0.65402502029247
0.00165606317121577
0.00624023875923523
0.0175806706223758
0.0636024333925508
0.0591022616867343
0.0591022616867343
0.0238809109813614
0.0591022616867343
0.0142205424494163
0.0463217741890961
0.0550821083546951
0.0744028382088776
0.479418359564304
0.0084003204406401
0.0142205424494163
0.0550821083546951
0.0142205424494163
0.0142205424494163
0.020040764505553
0.108004119895976
0.00193807392971871
0.086403295956561
0.0330612683231495
0.0375014377038717
0.00174006637723158
0.0145205539043215
0.0550821083546951
0.0142205424494163
0.086403295956561
0.0223808537112345
0.00483618519936709
0.020040764505553
0.0463217741890961
0.444617032257091
0.0145205539043215
0.0463217741890961
0.0142205424494163
0.0174006637723158
0.0174006637723158
0.0174006637723158
0.0174006637723158
0.0174006637723158
0.0174006637723158
0.0174006637723158
0.00140405355874417
0.0174006637723158
0.0463217741890961
0.0330612683231495
0.0174006637723158
0.0174006637723158
0.0174006637723158
0.0174006637723158
0.0174006637723158
0.0174006637723158
0.00387014835128374
0.00366014033442108
0.0174006637723158
0.0376214422885528
0.020040764505553
0.020040764505553
0.0744028382088776
0.0174006637723158
0.0142205424494163
0.0174006637723158
0.0506419389507769
0.0463817765197861
0.0174006637723158
0.000518419847631651
0.0142205424494163
0.0142205424494163
0.00720027538606505
0.0134405127128182
0.020040764505553
0.0463217741890961
0.0111604257306118
0.30481169914582
1.04231669292456
0.00720027538606505
0.00978037308634282
0.0142205424494163
0.0417616001875098
0.020040764505553
0.0145205539043215
0.0375014377038717
0.0145805561626585
0.588022503001736
0.133205081403006
0.031681215677853
0.0145805561626585
0.0156605973971874
0.0142205424494163
0.0463217741890961
0.017880682063633
0.00714027309537835
0.0222008468921723
0.0142205424494163
0.031681215677853
0.0142205424494163
0.0436816734526296
0.0506419389507769
0.031681215677853
0.0142205424494163
0.0547220946201278
0.0138605287451395
0.0024420931553432
0.0024420931553432
0.00483618519936709
1.06804074263216
0.0145205539043215
0.020040764505553
0.189007210063415
0.0882033646377469
0.0503419275417117
0.0142205424494163
0.444617032257091
0.276010600829589
0.0463817765197861
0.0463217741890961
0.020040764505553
1.04231669292456
0.133205081403006
0.063002410511591
0.020040764505553
0.020040764505553
0.0375014377038717
0.020040764505553
0.0376214422885528
0.0142205424494163
0.0744028382088776
0.0744028382088776
0.0142205424494163
0.0315612111511145
0.0315612111511145
0.0315612111511145
0.0315612111511145
0.0315612111511145
0.0315612111511145
0.0589222548205386
0.020040764505553
0.0103803959835339
0.0330612683231495
0.0330612683231495
0.0330612683231495
0.0744028382088776
0.0103803959835339
