0
-0.005615234375
0.0011804904550039
0.00531843462129208
0.00522254539986304
0.00235304344993667
5.99738673717071e-05
-0.00149772078729588
-0.000461065541112138
-0.00104073096725908
-0.00119047764449331
-0.00103926590626965
-0.00149767657164386
-0.00128862925798438
-0.00281883285536634
-0.00352807977815374
-0.00538255460495174
-0.00574340887522472
-0.00597227418904324
-0.00740459468522461
-0.00638295986120603
-0.0073939072896531
-0.0093483524764434
-0.0100144424606457
-0.0102648627616229
-0.0110322329410014
-0.0116575729509008
-0.0126240725096439
-0.0128176342965853
-0.0127424976565821
-0.0130271035150807
-0.0136874643596592
-0.013903128167029
-0.0140869334739901
-0.0145563038446127
-0.0156942284241793
-0.0152249796915569
-0.0156029699375069
-0.0166045603806254
-0.017206367143805
-0.0182231903435331
-0.0182039442756656
-0.0176380191801021
-0.0187019230548239
-0.0191913199536637
-0.0193897814012179
-0.0193444583157005
-0.0197331387407564
-0.0192656172033563
-0.0193548904190917
-0.0204970450969706
-0.0212403965898906
-0.0224895363649133
-0.0235704819895778
-0.0238930618491691
-0.0246706210410963
-0.0254324563283582
-0.0258399793391453
-0.0258938293107357
-0.0258735925164084
-0.0260473022357294
-0.0262246027140151
-0.025395401345397
-0.0250070881732117
-0.0253749050287516
-0.0258003903518104
-0.0261774838570086
-0.0275182033034344
-0.0282363200613714
-0.0282956742851194
-0.0281444982871954
-0.0283008274436773
-0.0284297319791884
-0.0291029555647445
-0.0294108326104764
-0.0294353395404402
-0.0298725299609003
-0.0299578971686332
-0.0300964489269558
-0.0297195272287498
-0.0299609272072323
-0.0297430625352288
-0.02967308021253
-0.0297360367062585
-0.0305703094934167
-0.0309115716322118
-0.0316683314879778
-0.0320155879304574
-0.0326116284629024
-0.0339066844358829
-0.0342887593879243
-0.034209240732712
-0.034903112674064
-0.0349330370481666
-0.0357071086078497
-0.0354186331509713
-0.0356236154521309
-0.0359189349195611
-0.0361839386204806
-0.0370998821637373
-0.0366803582383826
-0.0367849475307467
-0.0376622334121413
-0.0384623086682386
-0.0384615100432629
-0.0391699453540584
-0.0393367667364866
-0.0392685881529601
-0.0395693454249836
-0.0397101013337674
-0.0393528943397794
-0.0393491816337651
-0.0391088333354938
-0.038688398300893
-0.0392988927764208
-0.0390597255673869
-0.0395329704929333
-0.0406030435021432
-0.0402469650777715
-0.0403895372640148
-0.0404843682765298
-0.040918844961773
-0.0413625189326646
-0.0411469086018206
-0.0417676861790715
-0.042417006187098
-0.0429381276976746
-0.04304357897894
-0.043773725117362
-0.0443113530925491
-0.0439388484129078
-0.044835906561152
-0.044844437626815
-0.0446460054543528
-0.0454720776844123
-0.0456013879490824
-0.0455856879902459
-0.0464551538943671
-0.0470318646198695
-0.0471733005382188
-0.0475227566490474
-0.0478706095010487
-0.0476512730688801
-0.0484496095795146
-0.0489520177917107
-0.0498189983532908
-0.0506331179777734
-0.0511044851629294
-0.0520582745948466
-0.0524863884463017
-0.0530769594231719
-0.0540465431427092
-0.0547338078481495
-0.0554073459440957
-0.0564056791903643
-0.0567532428479824
-0.0569460256573278
-0.0570979902357779
-0.0579786065092508
-0.0583025227852365
-0.0585150018720493
-0.0593008769651373
-0.0588141297821907
-0.0599956155548284
-0.0606796307828152
-0.0608176564776882
-0.0609788444385794
-0.0608740552551267
-0.0616309308102189
-0.0617006866000427
-0.0622519208625607
-0.06299787400126
-0.0636674990523495
-0.0642658204829556
-0.0641983362235192
-0.06446221237255
-0.0651223207900103
-0.0658481589000899
-0.066165077293502
-0.0666343752197419
-0.0672218221522548
-0.0673433410196747
-0.0678727233910588
-0.068440008243571
-0.0684040244797329
-0.0684263546058436
-0.0685657471690738
-0.0687561251614138
-0.0690434605897075
-0.0698329605675205
-0.0707325887623809
-0.070865301963436
-0.0716162341855375
-0.0724825417580266
-0.0731185708084305
-0.0733576011083592
-0.0735425806490067
-0.0734905339443264
-0.0734747478748226
-0.0745912081897957
-0.0751057767645229
-0.0757137002549824
-0.0757908595248484
-0.0762509939942366
-0.0765340163906889
-0.077023408276168
-0.0773176654940275
-0.0779012292203838
-0.0783751502964973
-0.0789718579234866
-0.0789888673261145
-0.0798524851990645
-0.0804721003309528
-0.0808525934679862
-0.0812520594126953
-0.0819743355980116
-0.0817205940536365
-0.0818252067994722
-0.0813742040484122
-0.0811607852620795
-0.0810909679722116
-0.081039771685212
-0.081539385665887
-0.0814927453777365
-0.0815853601097623
-0.0811667103642504
-0.0814877085186778
-0.0813699716749681
-0.0822519662346857
-0.0826586262239086
-0.0834774474469751
-0.0834446276667873
-0.0837314238605675
-0.0845022553931936
-0.0846233739567279
-0.0850341438014781
-0.0854368861046693
-0.0854807540322309
-0.0854158140127155
-0.084681002205192
-0.0849825728775921
-0.085406818077602
-0.0858740450645326
-0.0864144608873176
-0.0870922074750293
-0.0873250441182687
-0.0877830653643068
-0.0886774466582199
-0.0888314144581455
-0.0893531256626752
-0.0894322019557849
-0.0899531841249555
-0.0908598332913517
-0.0916325835731735
-0.0929160710353141
-0.0932786349085508
-0.0935775260303131
-0.0937520797206399
-0.0947727801881639
-0.0948485831826211
-0.0956434907803563
-0.0965213690448974
-0.0970481710804376
-0.0976116682409802
-0.0980862568351972
-0.0984454210177266
-0.0982951515414845
-0.0986340168904314
-0.0990916009977163
-0.100233516234178
-0.101726383165489
-0.10243528101419
-0.103598494813664
-0.104464201290282
-0.104906587128968
-0.105276068920433
-0.105331511992754
-0.106418304146353
-0.107179248580544
-0.106990919269354
-0.10720411067787
-0.10702676607854
-0.107156220286799
-0.107462471398535
-0.108058557847097
-0.108179329772548
-0.108826062555609
-0.109606003186255
-0.11000085782754
-0.111077886299328
-0.111560127106083
-0.112473493410629
-0.112953402912971
-0.112655265822163
-0.112353199641713
-0.113163043147244
-0.113267489124349
-0.11440913187512
-0.115430138361985
-0.115721365352991
-0.117111512956002
-0.117514097592847
-0.117535871257739
-0.117611276464989
-0.117839820678611
-0.11817239728908
-0.118564277260672
-0.118173876093019
-0.1185288396819
-0.119327856211871
-0.119549166594531
-0.120003066557682
-0.120432982848668
-0.121375952336416
-0.121053338435205
-0.120728512922135
-0.121011653013407
-0.121537196174447
-0.121717098466215
-0.122330367243506
-0.121856385030585
-0.123179367776348
-0.12374752995256
-0.124495760174689
-0.124202061358902
-0.123668454687367
-0.124651892930035
-0.125478182392974
-0.125719499626988
-0.125488411287379
-0.126714389785229
-0.126854800979037
-0.126888638950193
-0.127445104763754
-0.128945732236977
-0.129898155207212
-0.130914508189059
-0.131125107659311
-0.131803129800972
-0.131931921812481
-0.132267326970966
-0.132565894334144
-0.133745310136448
-0.133814060048308
-0.134904613504542
-0.134961689291669
-0.136152243434962
-0.136415417132759
-0.13651232503582
-0.136558813551978
-0.13661686373755
-0.137109967147592
-0.137415106732141
-0.137552056863516
-0.138317791961143
-0.139616025920989
-0.140221732860792
-0.139407247467755
-0.139249268726596
-0.139887697980114
-0.140562577412753
-0.140710318133872
-0.141475296358832
-0.141946457280993
-0.14275852565822
-0.143966376465043
-0.142617406721486
-0.142971933484617
-0.143290698965441
-0.143890110120263
-0.14373900742354
-0.143679785869543
-0.143919621521826
-0.143873604335312
-0.144233162899323
-0.145413208562567
-0.14511385770878
-0.145409672255065
-0.145650340746905
-0.146051570748061
-0.146606319704191
-0.146904440521038
-0.147850855940831
-0.147506967350967
-0.146882187272332
-0.147314995246097
-0.147383269120341
-0.147286570579077
-0.148652738030667
-0.148410468517478
-0.148554489432703
-0.148773620045602
-0.149524779135659
-0.149964259288067
-0.149336954686544
-0.150107818667617
-0.151016851477455
-0.150912831293474
-0.151377602755673
-0.152217778982268
-0.151923697724309
-0.15164470812682
-0.150270050721756
-0.151354867220276
-0.150843307544747
-0.150184340725867
-0.149999021373299
-0.150556520960474
-0.149704781511753
-0.150889865617797
-0.1511007979964
-0.151801099279693
-0.152356482028664
-0.152244159081492
-0.153459490761261
-0.153982914336745
-0.154747124663767
-0.155929112831646
-0.157399949484971
-0.15930162955679
-0.159885961924533
-0.159581836644031
-0.160227044749524
-0.161196289503889
-0.160358557949262
-0.159983651337717
-0.161335587057898
-0.162502669846253
-0.165281677484571
-0.165084857244378
-0.161606086116159
-0.162324021759758
-0.162098723092219
-0.161141563024681
-0.162308799533067
-0.162158429097285
-0.162878572793744
-0.163028589266762
-0.164588571371187
-0.161783156690391
-0.161704563921318
-0.161678626813908
-0.162184389471829
-0.162802399308566
-0.164361446807169
-0.165008268863663
-0.164932042017939
-0.165210789114947
-0.166266063202939
-0.1671751164629
-0.167094367459014
-0.166345028338394
-0.166798676466233
-0.168178341622714
-0.170108897177387
-0.171171910918114
-0.170932630385283
-0.169447754754925
-0.171292276433569
-0.172022955541486
-0.172008393299083
-0.171665776029922
-0.172196396014358
-0.173008845809153
-0.17481389827278
-0.176813725003905
-0.177782869227054
-0.17746399179013
-0.172876594410302
-0.172964663670986
-0.173946656065984
-0.176037637747852
-0.17697214126644
-0.175066511507096
-0.172715728799092
-0.173549200139577
-0.174642785963652
-0.174742650546338
-0.175604369896808
-0.176350345089621
-0.173511889350794
-0.174104326239835
-0.176495884958034
-0.175408285874222
-0.179302795210917
-0.180335121644235
-0.182289967582468
-0.179141661179532
-0.176318487093407
-0.176376380619231
-0.173282853154735
-0.176528071410556
-0.1774097915537
-0.176727122513844
-0.179199137511219
-0.18167495556102
NA
NA
NA
NA
NA
NA
NA
NA
NA
NA
NA
NA
NA
NA
NA
NA
NA
