0
0.00948022823788863
0.00698999386288863
0.00449975948788863
0.00200952511288863
0.0141477778671404
0.0187836593968539
0.0168204110898425
0.0143301767148425
0.018109527853056
0.0169243470707797
0.0144341126957797
0.0160269032792717
0.0187075161212756
0.0162172817462756
0.018098471132084
0.0166144975033549
0.0172123307844328
0.0185118891850304
0.016584753098091
0.0143742151840811
0.0157146317025886
0.0157235800338728
0.0144922682563299
0.0149789088697573
0.01672583250585
0.0171861149938874
0.0172968835306932
0.0166932093541037
0.0175492761454731
0.0163608819494091
0.0156239160019319
0.0148813338480536
0.0145038334207273
0.0133486835582397
0.0149015761576829
0.0131109441758183
0.0130640800735014
0.0156654915803978
0.0149473892779024
0.0139874380452773
0.0143217006483143
0.0130621360877464
0.0128951213332842
0.0126947911858005
0.0130646307172261
0.0122805476596421
0.0118008689583603
0.0107501347017291
0.0119701628986375
0.0119025499860183
0.0114972187694517
0.0105502937010576
0.0124205132897114
0.0121454087820924
0.0130872760340265
0.0128668418828009
0.0139001039740052
0.0144319994731416
0.0125628025482119
0.0122632762002242
0.0120912549800244
0.0116589688045663
0.010829236780243
0.00976335902195383
0.0104270950408831
0.00964778397708732
0.00865958316121074
0.00701117304547225
0.00601355896773106
0.00534017394688452
0.00525905029973017
0.0055653465799661
0.00449113963238654
0.00337560632535705
0.00312785084010109
0.00261373567901657
0.00196262368975716
0.00179221010701183
0.000250939610532963
-0.000229050924806573
-0.00111790430758224
-0.00204487160261416
-0.00193804963584271
-0.0034045178521743
-0.0042387990059696
-0.00399285379914835
-0.00424981612024114
-0.00570554990655489
-0.00542745203908629
-0.00599091459283813
-0.00711635029881427
-0.00754015391255439
-0.00821490232558542
-0.00909310929935836
-0.010442552822356
-0.011622848528223
-0.0123133028496233
-0.0131172801913969
-0.0140819303524345
-0.0149274137395929
-0.0152710446911638
-0.0154682634461569
-0.0158364440812684
-0.0171014705629309
-0.0177606211338852
-0.0185572775758292
-0.0185061614708038
-0.0192049667168111
-0.0199392778441543
-0.0202878888728252
-0.0208846305331962
-0.0213982721135713
-0.0218538775790537
-0.0216030216211725
-0.0223562008543559
-0.02314146818838
-0.0242519511354797
-0.0254651334697669
-0.0259117414117936
-0.0267238846892731
-0.027621329349912
-0.0284490455922949
-0.0278380447952158
-0.0283811633239328
-0.0285429646740905
-0.0295699830603348
-0.0295776963759383
-0.030793265381708
-0.031329759398351
-0.0309969040575542
-0.0320204656461872
-0.0326050408966791
-0.03333437781632
-0.0339393878813752
-0.0335601499981448
-0.0347385372375427
-0.0344485839871678
-0.0349256514197783
-0.0351384568697131
-0.035285353567545
-0.0354425294402194
-0.0357946879472423
-0.0356199920872436
-0.0361869231572512
-0.037306771269503
-0.0379145901417821
-0.0386756496545535
-0.039425579706504
-0.0401333138774634
-0.0400018514519102
-0.0405449437603926
-0.041127505429132
-0.0412724469683611
-0.0422144987948797
-0.0431992562237324
-0.0441114762085399
-0.0439868106898416
-0.0446445928040788
-0.0457448524791851
-0.0466022253527283
-0.0470317361436343
-0.0475464148923441
-0.0482068478502495
-0.0486761837719571
-0.0495653529486424
-0.0498114091365207
-0.0508009292069342
-0.0514053344806477
-0.0518332119608191
-0.0526565228415021
-0.0527023951194785
-0.0534601297939
-0.0538691008104122
-0.0540370299015455
-0.0546642186934939
-0.0561165369878115
-0.0570559540076385
-0.0573783527892917
-0.0581342993528626
-0.0585431091393999
-0.0593200961868606
-0.0594210927549415
-0.060190881850288
-0.0603035550746961
-0.0607647015472072
-0.0610192489378465
-0.0622597432247701
-0.0629780398883635
-0.0637719687546578
-0.0645451361784884
-0.0656450425405197
-0.0662086241209777
-0.0669132086217077
-0.0675483324417661
-0.0684418456939506
-0.0690149008491129
-0.0691024648070368
-0.0703942792022623
-0.0713046218047713
-0.0716405191451482
-0.0720219150801276
-0.0724402037149206
-0.0722908007169384
-0.0733807687180893
-0.0738943108499813
-0.0745242436308117
-0.0741095988731313
-0.0750430091194723
-0.0756527779419252
-0.0762669441865645
-0.0765247459576173
-0.0773909497526654
-0.0779663572517027
-0.0779409599067442
-0.0779631075381065
-0.078797503307845
-0.0793008608675829
-0.0799154346159767
-0.0805994165774346
-0.081427222156395
-0.081703171527538
-0.082176023164936
-0.0828626483626695
-0.0839633692875053
-0.0846385168985943
-0.0852809643826086
-0.0853014728256583
-0.0860121215705415
-0.0857159190410532
-0.0861914860619803
-0.0867775807298125
-0.0872956242568932
-0.0881346933306664
-0.0888765535083582
-0.0896577492202045
-0.0903000432315972
-0.090765644040467
-0.0909728702425006
-0.0917004726443681
-0.0921259763011978
-0.0922823914947661
-0.0926415459869407
-0.0930411797527831
-0.0937856503283572
-0.0939903710666488
-0.094202695771926
-0.0946860357334178
-0.0947794725329572
-0.0952537642184135
-0.094941493528545
-0.0953393525795451
-0.0957601533246687
-0.0962596661502882
-0.0968824150188586
-0.0972232332817569
-0.0978829490115258
-0.0982980145019398
-0.0991165795756211
-0.0995986393477449
-0.100103963095525
-0.100900715166654
-0.101150306448366
-0.101252929306274
-0.101982310164563
-0.102228472648271
-0.102457987520294
-0.102969972637395
-0.103949147835144
-0.104282518585583
-0.104691888835666
-0.105148881295325
-0.105805543355084
-0.106380341187656
-0.106736045146187
-0.107345531289836
-0.107825509774481
-0.108677229114542
-0.109291072632025
-0.108848992648725
-0.109705890265878
-0.110570558397877
-0.110901420503852
-0.11168436162738
-0.112715210988512
-0.113119068916559
-0.113581505232639
-0.113943311826633
-0.114274525354422
-0.115190841266488
-0.115857537853649
-0.116610332294873
-0.117440700972713
-0.117863198135198
-0.118200533686133
-0.118893904667396
-0.119645416097364
-0.120335453585029
-0.121382412478961
-0.122007299963566
-0.122623269925837
-0.123488856184245
-0.123775479031224
-0.124438304375507
-0.125318970057467
-0.126149844801916
-0.126499150752736
-0.126789096438701
-0.127042432584501
-0.127911536370577
-0.127860455073341
-0.128544955501455
-0.129543086045426
-0.12977232024883
-0.130182422681529
-0.130789541392689
-0.13174724851385
-0.132087978371849
-0.133018387963124
-0.133094195108938
-0.133696574460359
-0.134695421971395
-0.135297575932421
-0.135866626389453
-0.136159182485049
-0.136860489353312
-0.137556014987734
-0.138034201528156
-0.13871083914682
-0.13923791662097
-0.139531729457935
-0.140166105557281
-0.140683628025388
-0.141301246026243
-0.142143305141374
-0.142983731176841
-0.143656073295017
-0.144127182597616
-0.144739775813629
-0.145090194441227
-0.145447732924599
-0.145781980903567
-0.146898063749136
-0.147976904169622
-0.148760834145855
-0.148879322541738
-0.14944848245912
-0.149972192067892
-0.150632004136516
-0.151520258153253
-0.152167639693353
-0.152763771257531
-0.153954709100686
-0.154722659443817
-0.155432288495664
-0.15610255294707
-0.156046663049881
-0.157550084391276
-0.158741216988389
-0.159360826968445
-0.160090035063655
-0.160745145074071
-0.161465888819536
-0.162203286849202
-0.162979956230424
-0.163782961561724
-0.164661332868623
-0.16561087078006
-0.166500722029697
-0.167115462999442
-0.1676690766376
-0.168094478881645
-0.1685865382999
-0.169298009849704
-0.169545267297576
-0.170577309959875
-0.170781629160905
-0.171619187742258
-0.172098655779999
-0.172671385685623
-0.173829845842812
-0.174299876286228
-0.174952717433725
-0.175915724865592
-0.176599879588605
-0.177318747060576
-0.17837536382892
-0.178553488093714
-0.179340612309972
-0.180459825634419
-0.181151575679428
-0.182312334692099
-0.182858926090368
-0.18356498358814
-0.184229256323165
-0.184943192153716
-0.185553906631841
-0.186298001464462
-0.186800948635616
-0.187884815423942
-0.188446130881877
-0.188720543512217
-0.189125446882581
-0.189890736192895
-0.190571390432467
-0.191272269241674
-0.192025281368418
-0.19293007145962
-0.193249306653234
-0.194016014460947
-0.194929810333778
-0.195843392323243
-0.196126876609265
-0.196587334509809
-0.197395273345412
-0.198152197576849
-0.198588711167296
-0.199228920732141
-0.19993445096652
-0.200500628173267
-0.201105521396214
-0.202248588828197
-0.203057689780572
-0.203372213810301
-0.204151651979608
-0.204925025853924
-0.205515933072339
-0.205596123312522
-0.205952737941724
-0.206341902154289
-0.206646702453252
-0.207286054793133
-0.207930451261591
-0.208560968769465
-0.209080160448442
-0.210046796430081
-0.211008722628626
-0.211776840758687
-0.212293738529837
-0.21277149104575
-0.213618615976435
-0.214112488355323
-0.214663663159481
-0.215463865723107
-0.215962855994165
-0.217020927702273
-0.21718510486171
-0.217631761106923
-0.218573046959244
-0.219257664262153
-0.219559393395973
-0.220290252691638
-0.22099828230581
-0.221475945269559
-0.222508624185542
-0.222485715010363
-0.223333089406041
-0.224099681683662
-0.224782694760137
-0.225485649822945
-0.226621684864326
-0.227031827117569
-0.227319078512482
-0.228187454281297
-0.228712119276646
-0.229536690639834
-0.230454341264816
-0.231435731880359
-0.232085947616133
-0.232571439048478
-0.233613987777093
-0.23466167769925
-0.235345308909571
-0.235809743340523
-0.236421575371184
-0.236852379318007
-0.23774599647961
-0.238447284648829
-0.239418362360599
-0.240484491861811
-0.240897819934627
-0.241674359474132
-0.242219133122367
-0.242821362533505
-0.243307271704187
-0.244099021755237
-0.244795497169137
-0.245697178993414
-0.2467666558212
-0.247554938652569
-0.248563450897508
-0.249396455180178
-0.250048462240459
-0.250486596736463
-0.251187756404753
-0.252016955207978
-0.252998690582817
-0.25343825642435
-0.253841347122291
-0.254786107826193
-0.255536301798413
-0.256358044293409
-0.257331551609171
-0.258110720701895
-0.258757785655959
-0.259456954839878
-0.260138450947493
-0.261470785875473
-0.262200344049418
-0.263024701658469
-0.263836076142026
-0.264330115011876
-0.265164684051401
