0
0.00934420236521858
0.00660982736521858
0.00502829357100307
0.0119799892211877
0.00987360691133001
0.0136691650967021
0.0123564512443037
0.0127127818828279
0.0139992332146612
0.0120133515286979
0.0128260181924164
0.0124093348445745
0.0124908185625723
0.0129884532503627
0.0122087238923524
0.0149490446763714
0.0139294205234833
0.0126270026993918
0.0148083603626531
0.0129424456806066
0.012122464876538
0.0133700689245942
0.0133630126959836
0.0131128199850191
0.0129799233657633
0.0138432422325562
0.015437600372898
0.0151219906178376
0.016613283813687
0.0164758264532691
0.0147727743994519
0.0162469540849806
0.015106352357083
0.0155613780534973
0.0153517191705506
0.0142869501034861
0.015368716459433
0.0152228641821506
0.0153248957182229
0.0144925332609756
0.0144861753335015
0.0148844474569261
0.0150891376295967
0.0140813238867012
0.0142658981663655
0.0136468742168809
0.0135466351840866
0.0136923989051958
0.0137553608648702
0.0152719369030558
0.0143760470227648
0.0147083012478428
0.0133738048361859
0.012323260377081
0.0126842303523753
0.0125208448533291
0.0114606332194356
0.0113587921585539
0.0108123055560573
0.010543798047558
0.00957242262034727
0.00832946901726636
0.00824311294991587
0.00740354896028178
0.00676980471078176
0.00679560592029516
0.00576741221514446
0.00594283007366958
0.00588697098629615
0.00663005548559542
0.00630688109884084
0.00538490740604597
0.00571456318300376
0.00524274383173901
0.00436173486107505
0.0043639737537812
0.00424370056082715
0.00372107762167873
0.00393233349496031
0.00317366452268278
0.00267163950606447
0.00236140858926742
0.00185551843986773
0.00177188583747445
0.001796319276931
0.00129277773570757
0.000722487399900634
-9.76307883140959e-06
-0.000607296465370805
-0.00131931668524682
-0.00189936313629155
-0.000945064066267376
-0.000741895033886275
-0.000881967076666157
-0.00114489461372325
-0.00126528407485549
-0.00097792343219455
-0.00160648092502075
-0.00207239549538429
-0.00235895048645818
-0.00236877667371094
-0.0030604388825291
-0.00383586669349112
-0.00419261657823278
-0.00527973490097638
-0.00635559400357677
-0.0062530465842438
-0.00679248886620398
-0.00741177081128386
-0.00718976623564727
-0.00729779017399385
-0.00776734746996599
-0.00798321090572601
-0.00862407201041177
-0.00858520634110238
-0.0086833905960636
-0.00909330128698943
-0.00947993680894405
-0.0102503884977058
-0.0102059407368842
-0.0110600623345222
-0.0112126927591966
-0.0108332384908527
-0.0118138868693188
-0.0117942388385604
-0.0124507592461533
-0.0120383741962322
-0.0117461574634575
-0.0121375909798857
-0.0120617344529763
-0.0122290539993437
-0.0130791124047572
-0.0128317365988794
-0.0133970261081107
-0.0141487054009797
-0.0145419624662442
-0.0146026926440144
-0.0146012585010471
-0.014891418946038
-0.0151576507665475
-0.0155537363084396
-0.0160002804510476
-0.0161509656687041
-0.0167867588327653
-0.0169989316495736
-0.0170781274627534
-0.0169660875090435
-0.0173245064437881
-0.0177256068142259
-0.0180748906218804
-0.0185118513903659
-0.0192460809162604
-0.0196728760123162
-0.0198319693996608
-0.0204188147128032
-0.0208071212390492
-0.0212838768649021
-0.0206125157748676
-0.0208905830029498
-0.0207751616704597
-0.0209677709600083
-0.0208451109698506
-0.0209571948112298
-0.0210367506711086
-0.021524597524069
-0.0215440683585805
-0.0215210776674368
-0.0222185324500579
-0.0222283090559766
-0.0233134507826296
-0.0235355096426869
-0.0240159978853331
-0.0244311860919358
-0.0242734351809819
-0.0242135223555149
-0.024364385422799
-0.0243958939110455
-0.0248175446582667
-0.0248139459420692
-0.0246768338979806
-0.025039167214284
-0.0253038163400727
-0.0254826213107899
-0.0256377767339738
-0.0259616817055741
-0.0260060986914022
-0.0259646280871687
-0.0266116670365049
-0.0268812281414051
-0.0268422219088338
-0.0268755648743269
-0.0269289546199714
-0.0278957895996465
-0.0280130648102693
-0.0282142205621727
-0.028501415502513
-0.028316374026235
-0.0288537878263331
-0.0291961693562056
-0.0292136108557958
-0.0298205414259818
-0.0298799195971483
-0.0310154866919543
-0.0317495119891615
-0.0321364664670639
-0.0326791186392709
-0.0335209071928093
-0.0342021012957833
-0.0346692222203245
-0.0351378822701097
-0.0357917651062152
-0.0364567317411618
-0.0365921432464348
-0.0373638675910095
-0.0380818259893506
-0.0387182856584991
-0.0393451993258924
-0.0395014464194148
-0.040280720910686
-0.0404656841735165
-0.0409284446224916
-0.0417280897385367
-0.0421740117432785
-0.042029744289353
-0.0422764849158738
-0.0429398298896989
-0.0433897055525064
-0.0438068123728047
-0.0440082223928623
-0.0448199758094374
-0.0449671933723671
-0.0454827604243413
-0.0463114857292455
-0.0471894905826509
-0.0471351335407376
-0.0472179171908949
-0.0478701881955252
-0.0482907404318766
-0.0483502949766331
-0.0482132798992202
-0.0488435663257979
-0.0485904512940832
-0.0486343382329677
-0.0490988489786662
-0.0495001645786602
-0.049378348203946
-0.0496964048812402
-0.0498910481216689
-0.0502467040940554
-0.0508603342632724
-0.0511613257940412
-0.0516801458221938
-0.0522470559367127
-0.0526426691981858
-0.0535335734667362
-0.0540882235249891
-0.0544304181231147
-0.0543633250066357
-0.0553651735286805
-0.0559242617615412
-0.0565785518019734
-0.0567543433236481
-0.0573831562820751
-0.0573460211471329
-0.0578587758217607
-0.0584330607445029
-0.0590667415477342
-0.0594538057010177
-0.0599576752256779
-0.0605882291163787
-0.0608591877991875
-0.0611945496060019
-0.0617899070139865
-0.0618749541514013
-0.0619923919796613
-0.0625316416238064
-0.0630920420299744
-0.0630788351349397
-0.0633570008528002
-0.0636536282423893
-0.0643160804805361
-0.0643304353948541
-0.0647106246454918
-0.0655811348741941
-0.0663502232338692
-0.0668615038412136
-0.0666100756524654
-0.0668865043053432
-0.0676182600343306
-0.067254808335381
-0.067790289220667
-0.068259777192369
-0.0684157955465008
-0.0688798831658801
-0.0688982352041689
-0.0694580498246883
-0.0696792135212334
-0.0703243142084156
-0.0710941038670853
-0.0716525066299034
-0.0717277026407656
-0.0724033364324891
-0.0728979261271633
-0.0732930057394323
-0.0734972028423974
-0.0735270350955521
-0.0739567735537686
-0.073949084064203
-0.0743866419234241
-0.0747821335565677
-0.0752726393360094
-0.0756244309952352
-0.0759054518837624
-0.0760693269972659
-0.0763393770439601
-0.076671023769124
-0.0773740740522796
-0.0775168088942718
-0.0778156749128732
-0.0780890494767214
-0.0788712103637205
-0.0788919165306302
-0.0795529893080366
-0.0797764809031928
-0.080495914554249
-0.0808983145724466
-0.0812108402372659
-0.0820357469718345
-0.0824831576919602
-0.0829760933203845
-0.0831377415130096
-0.0835857069286341
-0.0839316990257848
-0.0842935437955709
-0.0844207960699405
-0.0851890083864849
-0.0852690197817019
-0.0857473086693192
-0.0858054639419157
-0.0860628717941747
-0.0856611809132805
-0.0860567588964835
-0.0867192969442628
-0.0872353126910558
-0.0881453240667063
-0.0887328672117176
-0.0888176080820691
-0.0891022341054174
-0.089376216333096
-0.0896080551253073
-0.0901970416676344
-0.090609827988464
-0.0911638643826126
-0.0914737396358436
-0.0916251198588887
-0.0915924691097773
-0.0922525243248167
-0.09210984530124
-0.0926296731361821
-0.0932547263664185
-0.0936689984452092
-0.0940904767641744
-0.094267719155963
-0.0949141802181536
-0.0955569772992626
-0.0959964944220884
-0.0964009695432591
-0.0966399994417235
-0.0970783865250883
-0.0979720615601061
-0.0981945433529433
-0.0988147680130386
-0.0990187874680112
-0.099298180404486
-0.0998858078345428
-0.100495242067453
-0.100846879125041
-0.101347175907932
-0.101908203026268
-0.102381428092904
-0.10264017407062
-0.103312688893077
-0.103751880621823
-0.104423413910246
-0.104665150644969
-0.105138813791627
-0.105634273484344
-0.105934071441629
-0.106226257182644
-0.106529748928252
-0.10673133107396
-0.107148296328954
-0.107502065428727
-0.107991292312934
-0.108574141365413
-0.108592094354978
-0.108894989441669
-0.109609690442211
-0.109932210527499
-0.110545632383163
-0.111075798315373
-0.111575570081896
-0.111984156345212
-0.112366893208754
-0.112830290642138
-0.113168109057115
-0.113288201636259
-0.113555004300155
-0.114201849546693
-0.114795189822549
-0.115558967333945
-0.116113722895694
-0.117071750486432
-0.11766595374516
-0.118459635076813
-0.119059821534778
-0.119218749614806
-0.119827886286586
-0.120285483264587
-0.120883889966423
-0.121210678702801
-0.121829787341067
-0.122375346015211
-0.122873847731032
-0.12281098145723
-0.123076063508328
-0.12317779570146
-0.12359877766528
-0.124096971194501
-0.124748707578198
-0.125164872843827
-0.125847156361566
-0.126003313496076
-0.126327152802236
-0.126537944330511
-0.1271847678343
-0.127620471528097
-0.128134956615344
-0.128436747709813
-0.128743874461289
-0.129224501282175
-0.129761131640888
-0.130133437252512
-0.130849853954281
-0.131485267235499
-0.132019075012563
-0.132719885290489
-0.133223789477631
-0.133772021012693
-0.134104532657381
-0.134887640345978
-0.13547047061262
-0.13615227390972
-0.136961516321526
-0.137881240216712
-0.13830674266956
-0.138332721553331
-0.138965660358697
-0.139425566949964
-0.140020444850662
-0.140199215921517
-0.140731861015447
-0.141156858353225
-0.141846705405671
-0.142433391465725
-0.143135792225627
-0.143565661306497
-0.144081397219714
-0.144308196730975
-0.145063525292095
-0.145974287296072
-0.146535552767122
-0.147046013873446
-0.147613606132524
-0.147869246389423
-0.148188314278365
-0.148489004049649
-0.148869093345239
-0.149347969380911
-0.149656719641869
-0.150628697154509
-0.151161857510875
-0.151427731648246
-0.151707914487928
-0.152057437233092
-0.152644623029505
-0.153307901041787
-0.153592525904014
-0.153961956074599
-0.154320964379845
-0.155012980496932
-0.155494190173144
-0.156508388555928
-0.157376230202543
-0.157722627037478
-0.158528754100567
-0.15910139698592
-0.159594042475749
-0.160441506520124
-0.160755650698205
-0.161435106059276
-0.161798167361073
-0.162202418374283
-0.162360103080266
-0.163099513689933
-0.163702130300218
-0.164502347072095
-0.165008588622809
-0.1656509114669
-0.166141875934393
-0.166796138367507
-0.167400395174063
