0
0.005615234375
0.01123046875
0.016845703125
0.0224609375
0.028076171875
0.03369140625
0.039306640625
0.044921875
0.050537109375
0.05615234375
0.061767578125
0.0673828125
0.072998046875
0.07861328125
0.084228515625
0.08984375
0.095458984375
0.10107421875
0.106689453125
0.1123046875
0.117919921875
0.12353515625
0.129150390625
0.134765625
0.140380859375
0.14599609375
0.151611328125
0.1572265625
0.162841796875
0.16845703125
0.174072265625
0.1796875
0.185302734375
0.19091796875
0.196533203125
0.2021484375
0.207763671875
0.21337890625
0.218994140625
0.224609375
0.230224609375
0.23583984375
0.241455078125
0.2470703125
0.252685546875
0.25830078125
0.263916015625
0.26953125
0.275146484375
0.28076171875
0.286376953125
0.2919921875
0.297607421875
0.30322265625
0.308837890625
0.314453125
0.320068359375
0.32568359375
0.331298828125
0.3369140625
0.342529296875
0.34814453125
0.353759765625
0.359375
0.364990234375
0.37060546875
0.376220703125
0.3818359375
0.387451171875
0.39306640625
0.398681640625
0.404296875
0.409912109375
0.41552734375
0.421142578125
0.4267578125
0.432373046875
0.43798828125
0.443603515625
0.44921875
0.454833984375
0.46044921875
0.466064453125
0.4716796875
0.477294921875
0.48291015625
0.488525390625
0.494140625
0.499755859375
0.50537109375
0.510986328125
0.5166015625
0.522216796875
0.52783203125
0.533447265625
0.5390625
0.544677734375
0.55029296875
0.555908203125
0.5615234375
0.567138671875
0.57275390625
0.578369140625
0.583984375
0.589599609375
0.59521484375
0.600830078125
0.6064453125
0.612060546875
0.61767578125
0.623291015625
0.62890625
0.634521484375
0.64013671875
0.645751953125
0.6513671875
0.656982421875
0.66259765625
0.668212890625
0.673828125
0.679443359375
0.68505859375
0.690673828125
0.6962890625
0.701904296875
0.70751953125
0.713134765625
0.71875
0.724365234375
0.72998046875
0.735595703125
0.7412109375
0.746826171875
0.75244140625
0.758056640625
0.763671875
0.769287109375
0.77490234375
0.780517578125
0.7861328125
0.791748046875
0.79736328125
0.802978515625
0.80859375
0.814208984375
0.81982421875
0.825439453125
0.8310546875
0.836669921875
0.84228515625
0.847900390625
0.853515625
0.859130859375
0.86474609375
0.870361328125
0.8759765625
0.881591796875
0.88720703125
0.892822265625
0.8984375
0.904052734375
0.90966796875
0.915283203125
0.9208984375
0.926513671875
0.93212890625
0.937744140625
0.943359375
0.948974609375
0.95458984375
0.960205078125
0.9658203125
0.971435546875
0.97705078125
0.982666015625
0.98828125
0.993896484375
0.99951171875
1.005126953125
1.0107421875
1.016357421875
1.02197265625
1.027587890625
1.033203125
1.038818359375
1.04443359375
1.050048828125
1.0556640625
1.061279296875
1.06689453125
1.072509765625
1.078125
1.083740234375
1.08935546875
1.094970703125
1.1005859375
1.106201171875
1.11181640625
1.117431640625
1.123046875
1.128662109375
1.13427734375
1.139892578125
1.1455078125
1.151123046875
1.15673828125
1.162353515625
1.16796875
1.173583984375
1.17919921875
1.184814453125
1.1904296875
1.196044921875
1.20166015625
1.207275390625
1.212890625
1.218505859375
1.22412109375
1.229736328125
1.2353515625
1.240966796875
1.24658203125
1.252197265625
1.2578125
1.263427734375
1.26904296875
1.274658203125
1.2802734375
1.285888671875
1.29150390625
1.297119140625
1.302734375
1.308349609375
1.31396484375
1.319580078125
1.3251953125
1.330810546875
1.33642578125
1.342041015625
1.34765625
1.353271484375
1.35888671875
1.364501953125
1.3701171875
1.375732421875
1.38134765625
1.386962890625
1.392578125
1.398193359375
1.40380859375
1.409423828125
1.4150390625
1.420654296875
1.42626953125
1.431884765625
1.4375
1.443115234375
1.44873046875
1.454345703125
1.4599609375
1.465576171875
1.47119140625
1.476806640625
1.482421875
1.488037109375
1.49365234375
1.499267578125
1.5048828125
1.510498046875
1.51611328125
1.521728515625
1.52734375
1.532958984375
1.53857421875
1.544189453125
1.5498046875
1.555419921875
1.56103515625
1.566650390625
1.572265625
1.577880859375
1.58349609375
1.589111328125
1.5947265625
1.600341796875
1.60595703125
1.611572265625
1.6171875
1.622802734375
1.62841796875
1.634033203125
1.6396484375
1.645263671875
1.65087890625
1.656494140625
1.662109375
1.667724609375
1.67333984375
1.678955078125
1.6845703125
1.690185546875
1.69580078125
1.701416015625
1.70703125
1.712646484375
1.71826171875
1.723876953125
1.7294921875
1.735107421875
1.74072265625
1.746337890625
1.751953125
1.757568359375
1.76318359375
1.768798828125
1.7744140625
1.780029296875
1.78564453125
1.791259765625
1.796875
1.802490234375
1.80810546875
1.813720703125
1.8193359375
1.824951171875
1.83056640625
1.836181640625
1.841796875
1.847412109375
1.85302734375
1.858642578125
1.8642578125
1.869873046875
1.87548828125
1.881103515625
1.88671875
1.892333984375
1.89794921875
1.903564453125
1.9091796875
1.914794921875
1.92041015625
1.926025390625
1.931640625
1.937255859375
1.94287109375
1.948486328125
1.9541015625
1.959716796875
1.96533203125
1.970947265625
1.9765625
1.982177734375
1.98779296875
1.993408203125
1.9990234375
2.004638671875
2.01025390625
2.015869140625
2.021484375
2.027099609375
2.03271484375
2.038330078125
2.0439453125
2.049560546875
2.05517578125
2.060791015625
2.06640625
2.072021484375
2.07763671875
2.083251953125
2.0888671875
2.094482421875
2.10009765625
2.105712890625
2.111328125
2.116943359375
2.12255859375
2.128173828125
2.1337890625
2.139404296875
2.14501953125
2.150634765625
2.15625
2.161865234375
2.16748046875
2.173095703125
2.1787109375
2.184326171875
2.18994140625
2.195556640625
2.201171875
2.206787109375
2.21240234375
2.218017578125
2.2236328125
2.229248046875
2.23486328125
2.240478515625
2.24609375
2.251708984375
2.25732421875
2.262939453125
2.2685546875
2.274169921875
2.27978515625
2.285400390625
2.291015625
2.296630859375
2.30224609375
2.307861328125
2.3134765625
2.319091796875
2.32470703125
2.330322265625
2.3359375
2.341552734375
2.34716796875
2.352783203125
2.3583984375
2.364013671875
2.36962890625
2.375244140625
2.380859375
2.386474609375
2.39208984375
2.397705078125
2.4033203125
2.408935546875
2.41455078125
2.420166015625
2.42578125
2.431396484375
2.43701171875
2.442626953125
2.4482421875
2.453857421875
2.45947265625
2.465087890625
2.470703125
2.476318359375
2.48193359375
2.487548828125
2.4931640625
2.498779296875
2.50439453125
2.510009765625
2.515625
2.521240234375
2.52685546875
2.532470703125
2.5380859375
2.543701171875
2.54931640625
2.554931640625
2.560546875
2.566162109375
2.57177734375
2.577392578125
2.5830078125
2.588623046875
2.59423828125
2.599853515625
2.60546875
2.611083984375
2.61669921875
2.622314453125
2.6279296875
2.633544921875
2.63916015625
2.644775390625
2.650390625
2.656005859375
2.66162109375
2.667236328125
2.6728515625
2.678466796875
2.68408203125
2.689697265625
2.6953125
2.700927734375
2.70654296875
2.712158203125
2.7177734375
2.723388671875
2.72900390625
2.734619140625
2.740234375
2.745849609375
2.75146484375
2.757080078125
2.7626953125
2.768310546875
2.77392578125
2.779541015625
2.78515625
2.790771484375
2.79638671875
2.802001953125
2.8076171875
2.813232421875
2.81884765625
2.824462890625
2.830078125
2.835693359375
2.84130859375
2.846923828125
2.8525390625
2.858154296875
2.86376953125
2.869384765625
2.875
