0
0.002490234375
0.00498046875
0.007470703125
0.0099609375
0.012451171875
0.01494140625
0.017431640625
0.019921875
0.022412109375
0.02490234375
0.027392578125
0.0298828125
0.032373046875
0.03486328125
0.037353515625
0.03984375
0.042333984375
0.04482421875
0.047314453125
0.0498046875
0.052294921875
0.05478515625
0.057275390625
0.059765625
0.062255859375
0.06474609375
0.067236328125
0.0697265625
0.072216796875
0.07470703125
0.077197265625
0.0796875
0.082177734375
0.08466796875
0.087158203125
0.0896484375
0.092138671875
0.09462890625
0.097119140625
0.099609375
0.102099609375
0.10458984375
0.107080078125
0.1095703125
0.112060546875
0.11455078125
0.117041015625
0.11953125
0.122021484375
0.12451171875
0.127001953125
0.1294921875
0.131982421875
0.13447265625
0.136962890625
0.139453125
0.141943359375
0.14443359375
0.146923828125
0.1494140625
0.151904296875
0.15439453125
0.156884765625
0.159375
0.161865234375
0.16435546875
0.166845703125
0.1693359375
0.171826171875
0.17431640625
0.176806640625
0.179296875
0.181787109375
0.18427734375
0.186767578125
0.1892578125
0.191748046875
0.19423828125
0.196728515625
0.19921875
0.201708984375
0.20419921875
0.206689453125
0.2091796875
0.211669921875
0.21416015625
0.216650390625
0.219140625
0.221630859375
0.22412109375
0.226611328125
0.2291015625
0.231591796875
0.23408203125
0.236572265625
0.2390625
0.241552734375
0.24404296875
0.246533203125
0.2490234375
0.251513671875
0.25400390625
0.256494140625
0.258984375
0.261474609375
0.26396484375
0.266455078125
0.2689453125
0.271435546875
0.27392578125
0.276416015625
0.27890625
0.281396484375
0.28388671875
0.286376953125
0.2888671875
0.291357421875
0.29384765625
0.296337890625
0.298828125
0.301318359375
0.30380859375
0.306298828125
0.3087890625
0.311279296875
0.31376953125
0.316259765625
0.31875
0.321240234375
0.32373046875
0.326220703125
0.3287109375
0.331201171875
0.33369140625
0.336181640625
0.338671875
0.341162109375
0.34365234375
0.346142578125
0.3486328125
0.351123046875
0.35361328125
0.356103515625
0.35859375
0.361083984375
0.36357421875
0.366064453125
0.3685546875
0.371044921875
0.37353515625
0.376025390625
0.378515625
0.381005859375
0.38349609375
0.385986328125
0.3884765625
0.390966796875
0.39345703125
0.395947265625
0.3984375
0.400927734375
0.40341796875
0.405908203125
0.4083984375
0.410888671875
0.41337890625
0.415869140625
0.418359375
0.420849609375
0.42333984375
0.425830078125
0.4283203125
0.430810546875
0.43330078125
0.435791015625
0.43828125
0.440771484375
0.44326171875
0.445751953125
0.4482421875
0.450732421875
0.45322265625
0.455712890625
0.458203125
0.460693359375
0.46318359375
0.465673828125
0.4681640625
0.470654296875
0.47314453125
0.475634765625
0.478125
0.480615234375
0.48310546875
0.485595703125
0.4880859375
0.490576171875
0.49306640625
0.495556640625
0.498046875
0.500537109375
0.50302734375
0.505517578125
0.5080078125
0.510498046875
0.51298828125
0.515478515625
0.51796875
0.520458984375
0.52294921875
0.525439453125
0.5279296875
0.530419921875
0.53291015625
0.535400390625
0.537890625
0.540380859375
0.54287109375
0.545361328125
0.5478515625
0.550341796875
0.55283203125
0.555322265625
0.5578125
0.560302734375
0.56279296875
0.565283203125
0.5677734375
0.570263671875
0.57275390625
0.575244140625
0.577734375
0.580224609375
0.58271484375
0.585205078125
0.5876953125
0.590185546875
0.59267578125
0.595166015625
0.59765625
0.600146484375
0.60263671875
0.605126953125
0.6076171875
0.610107421875
0.61259765625
0.615087890625
0.617578125
0.620068359375
0.62255859375
0.625048828125
0.6275390625
0.630029296875
0.63251953125
0.635009765625
0.6375
0.639990234375
0.64248046875
0.644970703125
0.6474609375
0.649951171875
0.65244140625
0.654931640625
0.657421875
0.659912109375
0.66240234375
0.664892578125
0.6673828125
0.669873046875
0.67236328125
0.674853515625
0.67734375
0.679833984375
0.68232421875
0.684814453125
0.6873046875
0.689794921875
0.69228515625
0.694775390625
0.697265625
0.699755859375
0.70224609375
0.704736328125
0.7072265625
0.709716796875
0.71220703125
0.714697265625
0.7171875
0.719677734375
0.72216796875
0.724658203125
0.7271484375
0.729638671875
0.73212890625
0.734619140625
0.737109375
0.739599609375
0.74208984375
0.744580078125
0.7470703125
0.749560546875
0.75205078125
0.754541015625
0.75703125
0.759521484375
0.76201171875
0.764501953125
0.7669921875
0.769482421875
0.77197265625
0.774462890625
0.776953125
0.779443359375
0.78193359375
0.784423828125
0.7869140625
0.789404296875
0.79189453125
0.794384765625
0.796875
0.799365234375
0.80185546875
0.804345703125
0.8068359375
0.809326171875
0.81181640625
0.814306640625
0.816796875
0.819287109375
0.82177734375
0.824267578125
0.8267578125
0.829248046875
0.83173828125
0.834228515625
0.83671875
0.839208984375
0.84169921875
0.844189453125
0.8466796875
0.849169921875
0.85166015625
0.854150390625
0.856640625
0.859130859375
0.86162109375
0.864111328125
0.8666015625
0.869091796875
0.87158203125
0.874072265625
0.8765625
0.879052734375
0.88154296875
0.884033203125
0.8865234375
0.889013671875
0.89150390625
0.893994140625
0.896484375
0.898974609375
0.90146484375
0.903955078125
0.9064453125
0.908935546875
0.91142578125
0.913916015625
0.91640625
0.918896484375
0.92138671875
0.923876953125
0.9263671875
0.928857421875
0.93134765625
0.933837890625
0.936328125
0.938818359375
0.94130859375
0.943798828125
0.9462890625
0.948779296875
0.95126953125
0.953759765625
0.95625
0.958740234375
0.96123046875
0.963720703125
0.9662109375
0.968701171875
0.97119140625
0.973681640625
0.976171875
0.978662109375
0.98115234375
0.983642578125
0.9861328125
0.988623046875
0.99111328125
0.993603515625
0.99609375
0.998583984375
1.00107421875
1.003564453125
1.0060546875
1.008544921875
1.01103515625
1.013525390625
1.016015625
1.018505859375
1.02099609375
1.023486328125
1.0259765625
1.028466796875
1.03095703125
1.033447265625
1.0359375
1.038427734375
1.04091796875
1.043408203125
1.0458984375
1.048388671875
1.05087890625
1.053369140625
1.055859375
1.058349609375
1.06083984375
1.063330078125
1.0658203125
1.068310546875
1.07080078125
1.073291015625
1.07578125
1.078271484375
1.08076171875
1.083251953125
1.0857421875
1.088232421875
1.09072265625
1.093212890625
1.095703125
1.098193359375
1.10068359375
1.103173828125
1.1056640625
1.108154296875
1.11064453125
1.113134765625
1.115625
1.118115234375
1.12060546875
1.123095703125
1.1255859375
1.128076171875
1.13056640625
1.133056640625
1.135546875
1.138037109375
1.14052734375
1.143017578125
1.1455078125
1.147998046875
1.15048828125
1.152978515625
1.15546875
1.157958984375
1.16044921875
1.162939453125
1.1654296875
1.167919921875
1.17041015625
1.172900390625
1.175390625
1.177880859375
1.18037109375
1.182861328125
1.1853515625
1.187841796875
1.19033203125
1.192822265625
1.1953125
1.197802734375
1.20029296875
1.202783203125
1.2052734375
1.207763671875
1.21025390625
1.212744140625
1.215234375
1.217724609375
1.22021484375
1.222705078125
1.2251953125
1.227685546875
1.23017578125
1.232666015625
1.23515625
1.237646484375
1.24013671875
1.242626953125
1.2451171875
1.247607421875
1.25009765625
1.252587890625
1.255078125
1.257568359375
1.26005859375
1.262548828125
1.2650390625
1.267529296875
1.27001953125
1.272509765625
1.275
