0
0.002734375
0.00546875
0.008203125
0.0109375
0.013671875
0.01640625
0.019140625
0.021875
0.024609375
0.02734375
0.030078125
0.0328125
0.035546875
0.03828125
0.041015625
0.04375
0.046484375
0.04921875
0.051953125
0.0546875
0.057421875
0.06015625
0.062890625
0.065625
0.068359375
0.07109375
0.073828125
0.0765625
0.079296875
0.08203125
0.084765625
0.0875
0.090234375
0.09296875
0.095703125
0.0984375
0.101171875
0.10390625
0.106640625
0.109375
0.112109375
0.11484375
0.117578125
0.1203125
0.123046875
0.12578125
0.128515625
0.13125
0.133984375
0.13671875
0.139453125
0.1421875
0.144921875
0.14765625
0.150390625
0.153125
0.155859375
0.15859375
0.161328125
0.1640625
0.166796875
0.16953125
0.172265625
0.175
0.177734375
0.18046875
0.183203125
0.1859375
0.188671875
0.19140625
0.194140625
0.196875
0.199609375
0.20234375
0.205078125
0.2078125
0.210546875
0.21328125
0.216015625
0.21875
0.221484375
0.22421875
0.226953125
0.2296875
0.232421875
0.23515625
0.237890625
0.240625
0.243359375
0.24609375
0.248828125
0.2515625
0.254296875
0.25703125
0.259765625
0.2625
0.265234375
0.26796875
0.270703125
0.2734375
0.276171875
0.27890625
0.281640625
0.284375
0.287109375
0.28984375
0.292578125
0.2953125
0.298046875
0.30078125
0.303515625
0.30625
0.308984375
0.31171875
0.314453125
0.3171875
0.319921875
0.32265625
0.325390625
0.328125
0.330859375
0.33359375
0.336328125
0.3390625
0.341796875
0.34453125
0.347265625
0.35
0.352734375
0.35546875
0.358203125
0.3609375
0.363671875
0.36640625
0.369140625
0.371875
0.374609375
0.37734375
0.380078125
0.3828125
0.385546875
0.38828125
0.391015625
0.39375
0.396484375
0.39921875
0.401953125
0.4046875
0.407421875
0.41015625
0.412890625
0.415625
0.418359375
0.42109375
0.423828125
0.4265625
0.429296875
0.43203125
0.434765625
0.4375
0.440234375
0.44296875
0.445703125
0.4484375
0.451171875
0.45390625
0.456640625
0.459375
0.462109375
0.46484375
0.467578125
0.4703125
0.473046875
0.47578125
0.478515625
0.48125
0.483984375
0.48671875
0.489453125
0.4921875
0.494921875
0.49765625
0.500390625
0.503125
0.505859375
0.50859375
0.511328125
0.5140625
0.516796875
0.51953125
0.522265625
0.525
0.527734375
0.53046875
0.533203125
0.5359375
0.538671875
0.54140625
0.544140625
0.546875
0.549609375
0.55234375
0.555078125
0.5578125
0.560546875
0.56328125
0.566015625
0.56875
0.571484375
0.57421875
0.576953125
0.5796875
0.582421875
0.58515625
0.587890625
0.590625
0.593359375
0.59609375
0.598828125
0.6015625
0.604296875
0.60703125
0.609765625
0.6125
0.615234375
0.61796875
0.620703125
0.6234375
0.626171875
0.62890625
0.631640625
0.634375
0.637109375
0.63984375
0.642578125
0.6453125
0.648046875
0.65078125
0.653515625
0.65625
0.658984375
0.66171875
0.664453125
0.6671875
0.669921875
0.67265625
0.675390625
0.678125
0.680859375
0.68359375
0.686328125
0.6890625
0.691796875
0.69453125
0.697265625
0.7
0.702734375
0.70546875
0.708203125
0.7109375
0.713671875
0.71640625
0.719140625
0.721875
0.724609375
0.72734375
0.730078125
0.7328125
0.735546875
0.73828125
0.741015625
0.74375
0.746484375
0.74921875
0.751953125
0.7546875
0.757421875
0.76015625
0.762890625
0.765625
0.768359375
0.77109375
0.773828125
0.7765625
0.779296875
0.78203125
0.784765625
0.7875
0.790234375
0.79296875
0.795703125
0.7984375
0.801171875
0.80390625
0.806640625
0.809375
0.812109375
0.81484375
0.817578125
0.8203125
0.823046875
0.82578125
0.828515625
0.83125
0.833984375
0.83671875
0.839453125
0.8421875
0.844921875
0.84765625
0.850390625
0.853125
0.855859375
0.85859375
0.861328125
0.8640625
0.866796875
0.86953125
0.872265625
0.875
0.877734375
0.88046875
0.883203125
0.8859375
0.888671875
0.89140625
0.894140625
0.896875
0.899609375
0.90234375
0.905078125
0.9078125
0.910546875
0.91328125
0.916015625
0.91875
0.921484375
0.92421875
0.926953125
0.9296875
0.932421875
0.93515625
0.937890625
0.940625
0.943359375
0.94609375
0.948828125
0.9515625
0.954296875
0.95703125
0.959765625
0.9625
0.965234375
0.96796875
0.970703125
0.9734375
0.976171875
0.97890625
0.981640625
0.984375
0.987109375
0.98984375
0.992578125
0.9953125
0.998046875
1.00078125
1.003515625
1.00625
1.008984375
1.01171875
1.014453125
1.0171875
1.019921875
1.02265625
1.025390625
1.028125
1.030859375
1.03359375
1.036328125
1.0390625
1.041796875
1.04453125
1.047265625
1.05
1.052734375
1.05546875
1.058203125
1.0609375
1.063671875
1.06640625
1.069140625
1.071875
1.074609375
1.07734375
1.080078125
1.0828125
1.085546875
1.08828125
1.091015625
1.09375
1.096484375
1.09921875
1.101953125
1.1046875
1.107421875
1.11015625
1.112890625
1.115625
1.118359375
1.12109375
1.123828125
1.1265625
1.129296875
1.13203125
1.134765625
1.1375
1.140234375
1.14296875
1.145703125
1.1484375
1.151171875
1.15390625
1.156640625
1.159375
1.162109375
1.16484375
1.167578125
1.1703125
1.173046875
1.17578125
1.178515625
1.18125
1.183984375
1.18671875
1.189453125
1.1921875
1.194921875
1.19765625
1.200390625
1.203125
1.205859375
1.20859375
1.211328125
1.2140625
1.216796875
1.21953125
1.222265625
1.225
1.227734375
1.23046875
1.233203125
1.2359375
1.238671875
1.24140625
1.244140625
1.246875
1.249609375
1.25234375
1.255078125
1.2578125
1.260546875
1.26328125
1.266015625
1.26875
1.271484375
1.27421875
1.276953125
1.2796875
1.282421875
1.28515625
1.287890625
1.290625
1.293359375
1.29609375
1.298828125
1.3015625
1.304296875
1.30703125
1.309765625
1.3125
1.315234375
1.31796875
1.320703125
1.3234375
1.326171875
1.32890625
1.331640625
1.334375
1.337109375
1.33984375
1.342578125
1.3453125
1.348046875
1.35078125
1.353515625
1.35625
1.358984375
1.36171875
1.364453125
1.3671875
1.369921875
1.37265625
1.375390625
1.378125
1.380859375
1.38359375
1.386328125
1.3890625
1.391796875
1.39453125
1.397265625
1.4
